0 10818 12806 6789 8829 13006 6078 4567 4638 5038 11074 2889 4979 7557 2685 4382 6787 7865 4557 9887 10190 10456 6434 10639 4529 8361 10788 11086 13290 15325 6162 9653 7659 6562 8369 6666 5392 3716 6899 7384 7037 6841 11095 9970 7461 9974 7135 5968 5739 11796 381 1515 12841 8199 1134 7778 6654 10303 12745 2008 11516 12855 7722 5800 12026 10425 10940 11753 9409 13746 10051 2161 11186 4215 3572 7854 
10818 0 10848 4035 7766 19589 13296 12840 6195 6956 6802 13501 5864 3971 11713 11414 4067 5311 6831 6520 1969 2974 13700 16204 9231 2618 8759 6743 20440 21806 14728 18927 3300 11893 15032 4211 5856 7250 5027 4876 4305 5065 8944 6288 14612 17386 13236 13849 7457 20619 10492 12323 19245 13204 11943 3555 4886 15449 8822 11824 17990 19409 4756 7874 13817 16379 21162 21891 15491 20665 12482 11770 17502 12815 9256 15851 
12806 10848 0 10193 4292 12200 9644 10620 11017 13284 4052 13686 11017 8469 11229 9411 9947 6715 9229 4501 12398 7879 9782 9046 15074 11166 2368 4114 13389 13818 11501 14818 9541 7710 9596 9835 12120 10277 7949 13169 12013 12849 2083 4681 9940 11575 8516 10453 14431 15433 12458 13605 11780 7413 13380 8789 12384 8265 2419 11984 10990 12042 7366 14854 4453 9517 18129 18533 9202 13330 4726 11777 10523 10943 9235 11374 
6789 4035 10193 0 6108 16494 9757 9072 2205 3660 6712 9472 1901 1780 7778 7746 248 3480 3011 5803 3801 4235 10178 13259 5929 1820 7830 6683 17214 18799 10998 15156 1039 8667 11730 398 2361 3238 2319 2985 1829 2662 8110 5698 11170 14003 9950 10209 4601 16973 6459 8290 16190 10206 7910 1609 2205 12580 8883 7825 14873 16317 2830 5057 11924 13334 17217 17966 12365 17507 10228 7784 14408 8994 5488 12278 
8829 7766 4292 6108 0 12266 7283 7701 6732 9008 2728 10201 6746 4518 7736 6242 5860 2710 4950 1783 8918 5113 7577 8822 10785 7362 2011 2773 13262 14348 9122 13077 5633 5367 8247 5726 7872 6008 3795 9087 7934 8716 2324 2029 8167 10590 6617 8054 10165 14269 8461 9829 11886 6079 9554 4909 8245 8018 3936 8371 10744 12088 3392 10581 6078 9105 16036 16594 8375 13392 4749 8189 10242 7917 5347 9614 
13006 19589 12200 16494 12266 0 7109 8460 15467 17202 14590 11162 15736 15698 10349 9172 16306 14305 13618 13989 20185 17292 6699 3443 17462 18262 12480 14654 1248 2352 6941 5873 16640 7827 4854 16126 16805 13961 14646 18808 17905 18259 12542 14250 5629 3096 6568 7050 18233 4711 12944 12382 422 6385 12511 16138 17863 4252 14264 11008 1622 180 14833 18436 7802 3211 8954 8848 4132 1145 7819 10846 2093 8793 11346 5227 
6078 13296 9644 9757 7283 7109 0 1604 8459 10099 10008 5042 8750 9326 3399 2089 9601 8350 6765 9017 13547 11535 427 4569 10412 11572 8536 10054 7613 9461 1884 5846 10102 1985 2311 9422 9764 6944 8277 11809 10983 11250 8756 9234 1488 4301 1348 813 11124 7334 5955 5816 6891 2669 5831 9741 10879 4306 10720 4178 5541 6945 8705 11329 7064 4349 8766 9311 3331 7987 5361 3980 5167 2020 4346 2556 
4567 12840 10620 9072 7701 8460 1604 0 7508 8915 10409 3484 7826 8928 1891 1522 8948 8245 6070 9325 12867 11402 1899 6145 9003 10886 9222 10447 8823 10794 1934 6094 9563 2985 3820 8776 8738 6020 7924 10820 10096 10254 9475 9513 2896 5480 2881 1411 9872 7927 4486 4214 8282 4158 4240 9311 9920 5909 11407 2610 6951 8305 8483 10039 8481 5888 8529 9183 4892 9248 6666 2424 6619 419 3596 3431 
4638 6195 11017 2205 6732 15467 8459 7508 0 2287 8064 7408 347 3448 5977 6372 2258 4574 2061 6987 5611 6274 8885 12426 4183 3730 8677 8050 16061 17810 9435 13484 3177 7760 10618 2178 1371 1514 3294 3351 2602 2795 8983 6956 9933 12759 8916 8778 3462 15424 4327 6151 15200 9437 5769 3509 2423 11833 10124 5880 13854 15294 4109 3862 11929 12414 15306 16082 11399 16410 10063 5874 13420 7355 4126 10872 
5038 6956 13284 3660 9008 17202 10099 8915 2287 0 10180 7917 2269 5333 7151 8030 3840 6733 4290 9154 5732 7873 10516 14326 2314 4347 10935 10160 17691 19554 10772 14585 4683 9701 12357 3858 1301 3473 5440 2498 2653 2043 11237 9099 11586 14351 10748 10282 1183 16657 4864 6458 16966 11416 6101 5250 2084 13789 12293 6795 15613 17035 6194 1575 14162 14259 15971 16788 13229 18082 12267 6862 15207 8677 5947 12345 
11074 6802 4052 6712 2728 14590 10008 10409 8064 10180 0 12742 7965 4932 10312 8930 6482 3494 6735 1187 8412 3829 10295 11173 12247 7358 2237 68 15656 16545 11850 15782 5884 8076 10861 6411 8914 7789 4771 9578 8450 9345 2314 1129 10847 13165 9293 10782 11242 16906 10696 12221 14193 8639 11916 5153 8904 10353 2190 10884 13139 14417 3987 11691 7583 11516 18764 19319 10879 15732 6805 10717 12639 10609 7784 12305 
2889 13501 13686 9472 10201 11162 5042 3484 7408 7917 12742 0 7754 9973 2479 4305 9435 9904 6863 11574 13010 12794 5251 9406 7124 11133 11987 12767 11230 13383 4267 7018 10255 6355 7026 9296 8264 6258 9160 10272 9890 9727 12271 11709 6068 8067 6359 4565 8553 9233 3123 1512 11073 7641 1831 10258 9528 9281 14106 1868 9831 11031 9913 8565 11936 9066 8054 8872 8144 11739 10073 2025 9596 3068 4982 5950 
4979 5864 11017 1901 6746 15736 8750 7826 347 2269 7965 7754 0 3252 6314 6668 1975 4490 2236 6911 5264 6032 9177 12670 4299 3386 8666 7948 16345 18077 9755 13816 2898 8003 10893 1912 1191 1813 3199 3071 2273 2525 8968 6868 10221 13051 9178 9085 3419 15746 4671 6492 15465 9667 6111 3278 2130 12065 10051 6224 14121 15563 3988 3838 12058 12668 15652 16426 11657 16688 10212 6217 13684 7679 4409 11179 
7557 3971 8469 1780 4518 15698 9326 8928 3448 5333 4932 9973 3252 0 7953 7473 1550 1811 3111 4035 4572 2910 9730 12353 7523 2856 6118 4904 16514 17949 10792 14995 1115 7944 11079 1489 4039 3842 1061 4709 3559 4430 6388 3922 10643 13425 9281 9892 6341 16654 7192 8983 15366 9320 8617 442 3980 11624 7103 8186 14088 15518 1130 6794 10506 12495 17350 18054 11579 16757 8935 8098 13606 8932 5384 11882 
2685 11713 11229 7778 7736 10349 3399 1891 5977 7151 10312 2479 6314 7953 0 1962 7692 7634 4891 9155 11511 10656 3749 7966 7118 9553 9509 10339 10687 12679 3631 7519 8414 4153 5684 7532 7109 4574 7042 9198 8577 8632 9793 9302 4778 7350 4517 3300 8057 9524 2596 2593 10173 5668 2518 8289 8335 7662 11631 849 8841 10194 7727 8200 9755 7742 9450 10190 6730 11123 7827 627 8504 1569 2657 5263 
4382 11414 9411 7746 6242 9172 2089 1522 6372 8030 8930 4305 6668 7473 1962 0 7603 6728 4737 7830 11546 9893 2514 6409 8479 9565 7853 8966 9702 11524 3319 7522 8164 2211 4328 7428 7675 4859 6452 9722 8910 9162 8119 8012 3573 6388 2820 2464 9077 9236 4181 4548 8937 3817 4444 7869 8794 5987 10023 2804 7584 9005 6983 9300 7797 6278 10049 10696 5243 10070 5866 2582 7184 1679 2278 4540 
6787 4067 9947 248 5860 16306 9601 8948 2258 3840 6482 9435 1975 1550 7692 7603 0 3233 2879 5563 3946 4092 10021 13058 6090 1973 7583 6454 17035 18606 10870 15037 923 8479 11553 180 2539 3184 2072 3233 2077 2906 7864 5461 11006 13836 9769 10067 4807 16836 6450 8281 15998 10004 7902 1411 2446 12375 8649 7764 14684 16128 2586 5262 11684 13140 17138 17881 12175 17324 9994 7717 14218 8880 5357 12129 
7865 5311 6715 3480 2710 14305 8350 8245 4574 6733 3494 9904 4490 1811 7634 6728 3233 0 3353 2422 6260 3186 8725 10903 8756 4652 4350 3483 15192 16504 9991 14162 2925 6735 9859 3120 5496 4367 1293 6461 5304 6134 4632 2382 9542 12234 8084 9007 7831 15658 7485 9150 13954 7929 8813 2200 5670 10142 5562 8044 12718 14126 682 8271 8738 11096 16772 17424 10236 15395 7240 7914 12225 8331 4978 10879 
4557 6831 9229 3011 4950 13618 6765 6070 2061 4290 6735 6863 2236 3111 4891 4737 2879 3353 0 5573 6811 5951 7189 10483 5850 4830 6952 6736 14284 15946 7991 12161 3531 5825 8804 2706 3415 1071 2346 5245 4289 4722 7264 5607 8198 11036 7050 7200 5472 13962 4181 5922 13332 7460 5566 3414 4293 9858 8628 5078 11998 13443 3165 5844 9878 10507 14333 15060 9510 14601 8003 4997 11548 6009 2479 9273 
9887 6520 4501 5803 1783 13989 9017 9325 6987 9154 1187 11574 6911 4035 9155 7830 5563 2422 5573 0 7940 3647 9325 10548 11165 6666 2252 1202 15008 16028 10832 14834 5070 7129 10030 5472 7911 6634 3715 8741 7593 8462 2469 265 9942 12372 8394 9773 10246 16051 9509 11036 13602 7856 10729 4320 8008 9737 3140 9713 12487 13812 2993 10689 7392 10851 17743 18320 10144 15121 6330 9549 11985 9508 6607 11383 
10190 1969 12398 3801 8918 20185 13547 12867 5611 5732 8412 13010 5264 4572 11511 11546 3946 6260 6811 7940 0 4678 13966 16882 7875 1982 10188 8359 20948 22463 14795 18942 3552 12372 15473 4124 4868 6938 5582 3351 3191 3700 10407 7735 14946 17772 13682 14010 5986 20773 9905 11703 19865 13835 11323 4133 3681 16168 10522 11479 18567 20006 5608 6361 14988 16997 20906 21673 16054 21221 13487 11462 18093 12778 9288 16075 
10456 2974 7879 4235 5113 17292 11535 11402 6274 7873 3829 12794 6032 2910 10656 9893 4092 3186 5951 3647 4678 0 11907 13858 10160 4056 5843 3770 18233 19425 13171 17347 3198 9883 12982 4126 6584 6747 3635 6530 5547 6467 6009 3398 12706 15360 11226 12192 8719 18834 10089 11865 16925 10968 11503 2767 6106 13069 5866 10971 15733 17113 2937 9174 11032 14097 19919 20585 13287 18402 9857 10865 15234 11468 8015 14058 
6434 13700 9782 10178 7577 6699 427 1899 8885 10516 10295 5251 9177 9730 3749 2514 10021 8725 7189 9325 13966 11907 0 4246 10800 11993 8763 10342 7190 9050 1724 5513 10515 2226 1935 9843 10189 7371 8678 12235 11409 11676 8974 9546 1071 3874 1317 756 11536 6942 6324 6104 6488 2622 6139 10147 11305 4039 10939 4505 5140 6536 9092 11737 7019 3995 8512 9032 2993 7567 5390 4313 4776 2301 4772 2159 
10639 16204 9046 13259 8822 3443 4569 6145 12426 14326 11173 9406 12670 12353 7966 6409 13058 10903 10483 10548 16882 13858 4246 0 14887 14991 9098 11235 4486 5603 5257 6515 13330 4667 2379 12879 13789 10952 11312 15724 14761 15190 9180 10809 3338 2829 3598 4856 15420 6538 10500 10346 3068 3054 10385 12795 14772 820 10969 8744 1981 3266 11450 15669 4876 557 9975 10161 1263 4573 4464 8548 1491 6545 8382 3902 
4529 9231 15074 5929 10785 17462 10412 9003 4183 2314 12247 7124 4299 7523 7118 8479 6090 8756 5850 11165 7875 10160 10800 14887 0 6639 12771 12233 17796 19797 10683 14105 6963 10451 12722 6086 3578 4829 7476 4529 4931 4200 13081 11138 11857 14466 11297 10414 1945 16283 4534 5615 17275 12174 5332 7488 4345 14452 14298 6528 15934 17305 8283 1702 15426 14735 15009 15853 13703 18240 13468 6662 15576 8684 6773 12362 
8361 2618 11166 1820 7362 18262 11572 10886 3730 4347 7358 11133 3386 2856 9553 9565 1973 4652 4830 6666 1982 4056 11993 14991 6639 0 8857 7315 19003 20554 12814 16965 1747 10438 13523 2153 3242 4984 3771 2504 1710 2550 9108 6502 12979 15809 11736 12029 4931 18791 8057 9876 17950 11938 9495 2453 2302 14294 9541 9552 16642 18084 3972 5367 13361 15087 18971 19730 14130 19287 11762 9525 16172 10801 7307 14096 
10788 8759 2368 7830 2011 12480 8536 9222 8677 10935 2237 11987 8666 6118 9509 7853 7583 4350 6952 2252 10188 5843 8763 9098 12771 8857 0 2305 13580 14374 10418 14133 7202 6552 9042 7469 9758 8014 5581 10809 9653 10483 313 2473 9162 11266 7628 9342 12075 15076 10426 11724 12075 6787 11466 6452 10018 8278 2190 10197 11077 12309 5007 12502 5346 9478 17271 17765 8925 13624 4661 10004 10581 9489 7260 10633 
11086 6743 4114 6683 2773 14654 10054 10447 8050 10160 68 12767 7948 4904 10339 8966 6454 3483 6736 1202 8359 3770 10342 11235 12233 7315 2305 0 15719 16610 11894 15832 5849 8125 10916 6385 8892 7788 4757 9542 8417 9313 2382 1129 10899 13222 9345 10827 11219 16961 10707 12239 14257 8696 11932 5120 8873 10416 2229 10907 13201 14480 3967 11668 7651 11578 18809 19365 10938 15795 6870 10741 12701 10645 7806 12356 
13290 20440 13389 17214 13262 1248 7613 8823 16061 17691 15656 11230 16345 16514 10687 9702 17035 15192 14284 15008 20948 18233 7190 4486 17796 19003 13580 15719 0 2232 7136 5294 17420 8580 5484 16855 17376 14548 15455 19412 18552 18855 13656 15266 6130 3345 7267 7425 18683 3768 13263 12537 1661 7270 12700 16950 18475 5306 15413 11282 2521 1377 15693 18860 9017 4158 8108 7914 4957 585 8932 11137 3023 9118 11936 5437 
15325 21806 13818 18799 14348 2352 9461 10794 17810 19554 16545 13383 18077 17949 12679 11524 18606 16504 15946 16028 22463 19425 9050 5603 19797 20554 14374 16610 2232 0 9215 7495 18913 10137 7204 18426 19151 16306 16904 21148 20235 20600 14403 16292 7979 5361 8901 9383 20585 5773 15272 14650 2614 8631 14794 18391 20201 6366 16016 13321 3956 2520 17053 20785 9365 5468 10117 9825 6439 1669 9740 13164 4398 11118 13693 7499 
6162 14728 11501 10998 9122 6941 1884 1934 9435 10772 11850 4267 9755 10792 3631 3319 10870 9991 7991 10832 14795 13171 1724 5257 10683 12814 10418 11894 7136 9215 0 4203 11466 3869 2917 10697 10650 7952 9770 12736 12027 12169 10640 11040 2013 3856 3028 1077 11688 5994 6155 5442 6827 4297 5580 11186 11843 5278 12603 4156 5567 6802 10282 11826 8660 4864 6915 7494 4023 7606 7096 4023 5330 2100 5513 1717 
9653 18927 14818 15156 13077 5873 5846 6094 13484 14585 15782 7018 13816 14995 7519 7522 15037 14162 12161 14834 18942 17347 5513 6515 14105 16965 14133 15832 5294 7495 4203 0 15656 7710 5225 14866 14627 12039 13972 16715 16086 16148 14316 15057 4971 3710 6513 5156 15382 2249 9756 8506 6029 7428 8774 15388 15855 7040 16269 7790 5406 5832 14474 15453 11176 5959 3461 3730 5800 5878 10119 7730 5554 6165 9690 3500 
7659 3300 9541 1039 5633 16640 10102 9563 3177 4683 5884 10255 2898 1115 8414 8164 923 2925 3531 5070 3552 3198 10515 13330 6963 1747 7202 5849 17420 18913 11466 15656 0 8839 11956 1006 3389 3999 2042 3694 2572 3480 7466 4934 11466 14277 10160 10617 5582 17395 7315 9141 16318 10284 8765 752 3060 12617 8072 8543 15024 16461 2243 6039 11614 13448 17862 18591 12511 17683 10019 8482 14547 9525 5971 12650 
6562 11893 7710 8667 5367 7827 1985 2985 7760 9701 8076 6355 8003 7944 4153 2211 8479 6735 5825 7129 12372 9883 2226 4667 10451 10438 6552 8125 8580 10137 3869 7710 8839 0 3140 8299 9125 6293 6884 11059 10111 10524 6771 7357 2840 5505 1350 2794 10818 8981 6335 6746 7525 1728 6653 8378 10108 4090 8735 5002 6206 7650 7177 11092 5610 4684 10734 11257 3699 8849 3718 4780 5742 3357 3761 4258 
8369 15032 9596 11730 8247 4854 2311 3820 10618 12357 10861 7026 10893 11079 5684 4328 11553 9859 8804 10030 15473 12982 1935 2379 12722 13523 9042 10916 5484 7204 2917 5225 11956 3140 0 11373 11953 9110 10019 13964 13081 13412 9199 10274 959 2377 1798 2486 13403 6049 8259 7991 4609 2256 8046 11512 13022 2367 11129 6429 3256 4684 10314 13620 6101 2071 8589 8948 1120 5799 4897 6241 2862 4207 6495 1889 
6666 4211 9835 398 5726 16126 9422 8776 2178 3858 6411 9296 1912 1489 7532 7428 180 3120 2706 5472 4124 4126 9843 12879 6086 2153 7469 6385 16855 18426 10697 14866 1006 8299 11373 0 2559 3040 1932 3362 2209 3014 7752 5377 10827 13656 9589 9891 4852 16661 6326 8155 15818 9826 7777 1402 2550 12197 8571 7614 14505 15948 2485 5305 11527 12960 16980 17721 11995 17144 9830 7564 14038 8710 5184 11952 
5392 5856 12120 2361 7872 16805 9764 8738 1371 1301 8914 8264 1191 4039 7109 7675 2539 5496 3415 7911 4868 6584 10189 13789 3578 3242 9758 8892 17376 19151 10650 14627 3389 9125 11953 2559 0 2846 4209 2090 1677 1523 10056 7844 11246 14061 10266 10045 2335 16618 5141 6892 16544 10806 6516 3949 1264 13201 11043 6902 15196 16633 4932 2779 13249 13770 16274 17069 12752 17735 11403 6928 14767 8555 5458 12136 
3716 7250 10277 3238 6008 13961 6944 6020 1514 3473 7789 6258 1813 3842 4574 4859 3184 4367 1071 6634 6938 6747 7371 10952 4829 4984 8014 7788 14548 16306 7952 12039 3999 6293 9110 3040 2846 0 3257 4865 4077 4308 8326 6660 8419 11245 7420 7272 4639 13945 3355 5164 13698 7989 4792 4065 3935 10378 9698 4587 12350 13789 4104 4975 10730 10925 13989 14746 9906 14898 8814 4549 11921 5886 2615 9366 
6899 5027 7949 2319 3795 14646 8277 7924 3294 5440 4771 9160 3199 1061 7042 6452 2072 1293 2346 3715 5582 3635 8678 11312 7476 3771 5581 4757 15455 16904 9770 13972 2042 6884 10019 1932 4209 3257 0 5292 4140 4925 5872 3669 9585 12365 8221 8855 6543 15609 6524 8266 14316 8273 7911 1495 4456 10590 6855 7337 13035 14467 853 6981 9637 11445 16386 17077 10524 15702 7996 7233 12553 7947 4426 10833 
7384 4876 13169 2985 9087 18808 11809 10820 3351 2498 9578 10272 3071 4709 9198 9722 3233 6461 5245 8741 3351 6530 12235 15724 4529 2504 10809 9542 19412 21148 12736 16715 3694 11059 13964 3362 2090 4865 5292 0 1157 567 11086 8616 13284 16109 12248 12115 2637 18707 7161 8855 18536 12705 8487 4432 952 15104 11766 8975 17192 18634 5803 3025 14813 15733 18310 19113 14725 19758 13049 9007 16754 10642 7476 14208 
7037 4305 12013 1829 7934 17905 10983 10096 2602 2653 8450 9890 2273 3559 8577 8910 2077 5304 4289 7593 3191 5547 11409 14761 4931 1710 9653 8417 18552 20235 12027 16086 2572 10111 13081 2209 1677 4077 4140 1157 0 924 9930 7474 12442 15278 11337 11343 3238 18019 6769 8545 17621 11725 8167 3297 593 14119 10635 8449 16285 17730 4647 3682 13695 14794 17861 18646 13798 18880 11956 8455 15836 9952 6637 13435 
6841 5065 12849 2662 8716 18259 11250 10254 2795 2043 9345 9727 2525 4430 8632 9162 2906 6134 4722 8462 3700 6467 11676 15190 4200 2550 10483 9313 18855 20600 12169 16148 3480 10524 13412 3014 1523 4308 4925 567 924 0 10766 8352 12727 15550 11702 11551 2395 18140 6611 8320 17989 12179 7950 4193 471 14577 11526 8413 16645 18086 5492 2822 14367 15193 17759 18560 14182 19204 12582 8443 16208 10075 6921 13644 
11095 8944 2083 8110 2324 12542 8756 9475 8983 11237 2314 12271 8968 6388 9793 8119 7864 4632 7264 2469 10407 6009 8974 9180 13081 9108 313 2382 13656 14403 10640 14316 7466 6771 9199 7752 10056 8326 5872 11086 9930 10766 0 2675 9346 11399 7820 9564 12376 15221 10733 12023 12134 6943 11766 6714 10302 8361 1965 10488 11160 12372 5283 12803 5292 9573 17476 17961 9047 13686 4725 10293 10667 9748 7562 10817 
9970 6288 4681 5698 2029 14250 9234 9513 6956 9099 1129 11709 6868 3922 9302 8012 5461 2382 5607 265 7735 3398 9546 10809 11138 6502 2473 1129 15266 16292 11040 15057 4934 7357 10274 5377 7844 6660 3669 8616 7474 8352 2675 0 10176 12619 8629 9985 10178 16290 9590 11141 13864 8106 10829 4187 7901 9998 3200 9844 12746 14073 2913 10623 7649 11109 17949 18531 10398 15381 6594 9684 12244 9688 6734 11613 
7461 14612 9940 11170 8167 5629 1488 2896 9933 11586 10847 6068 10221 10643 4778 3573 11006 9542 8198 9942 14946 12706 1071 3338 11857 12979 9162 10899 6130 7979 2013 4971 11466 2840 959 10827 11246 8419 9585 13284 12442 12727 9346 10176 0 2838 1554 1533 12607 6141 7366 7041 5422 2537 7104 11067 12351 3277 11302 5502 4077 5466 9949 12807 6749 3020 8192 8629 2077 6499 5340 5319 3727 3271 5812 1471 
9974 17386 11575 14003 10590 3096 4301 5480 12759 14351 13165 8067 13051 13425 7350 6388 13836 12234 11036 12372 17772 15360 3874 2829 14466 15809 11266 13222 3345 5361 3856 3710 14277 5505 2377 13656 14061 11245 12365 16109 15278 15550 11399 12619 2838 0 4155 4080 15339 3859 9934 9296 3024 4526 9435 13854 15179 3439 13290 7967 1922 2966 12681 15515 7627 2273 7159 7332 2377 3774 6858 7815 1916 5782 8644 2139 
7135 13236 8516 9950 6617 6568 1348 2881 8916 10748 9293 6359 9178 9281 4517 2820 9769 8084 7050 8394 13682 11226 1317 3598 11297 11736 7628 9345 7267 8901 3028 6513 10160 1350 1798 9589 10266 7420 8221 12248 11337 11702 7820 8629 1554 4155 0 2060 11830 7668 6965 7037 6288 1323 7016 9714 11301 3174 9781 5341 4949 6394 8526 12074 5724 3513 9671 10141 2487 7559 4073 5130 4506 3300 4819 3018 
5968 13849 10453 10209 8054 7050 813 1411 8778 10282 10782 4565 9085 9892 3300 2464 10067 9007 7200 9773 14010 12192 756 4856 10414 12029 9342 10827 7425 9383 1077 5156 10617 2794 2486 9891 10045 7272 8855 12115 11343 11551 9564 9985 1533 4080 2060 0 11260 6778 5895 5508 6874 3374 5574 10296 11200 4720 11527 3989 5548 6895 9327 11435 7774 4553 7983 8547 3593 7842 6125 3813 5228 1756 4733 2094 
5739 7457 14431 4601 10165 18233 11124 9872 3462 1183 11242 8553 3419 6341 8057 9077 4807 7831 5472 10246 5986 8719 11536 15420 1945 4931 12075 11219 18683 20585 11688 15382 5582 10818 13403 4852 2335 4639 6543 2637 3238 2395 12376 10178 12607 15339 11830 11260 0 17498 5627 7054 18009 12540 6722 6210 2649 14901 13377 7619 16657 18069 7265 457 15343 15335 16572 17404 14302 19089 13444 7710 16261 9609 7057 13299 
11796 20619 15433 16973 14269 4711 7334 7927 15424 16657 16906 9233 15746 16654 9524 9236 16836 15658 13962 16051 20773 18834 6942 6538 16283 18791 15076 16961 3768 5773 5994 2249 17395 8981 6049 16661 16618 13945 15609 18707 18019 18140 15221 16290 6141 3859 7668 6778 17498 0 11874 10707 4997 8294 10960 17064 17824 7239 17129 9880 4890 4736 16034 17588 11411 6008 4354 4152 6235 4324 10716 9799 5222 8070 11485 4784 
381 10492 12458 6459 8461 12944 5955 4486 4327 4864 10696 3123 4671 7192 2596 4181 6450 7485 4181 9509 9905 10089 6324 10500 4534 8057 10426 10707 13263 15272 6155 9756 7315 6335 8259 6326 5141 3355 6524 7161 6769 6611 10733 9590 7366 9934 6965 5895 5627 11874 0 1831 12768 7994 1452 7420 6405 10139 12373 2011 11435 12790 7345 5717 11754 10303 11149 11955 9281 13708 9776 2132 11093 4155 3231 7828 
1515 12323 13605 8290 9829 12382 5816 4214 6151 6458 12221 1512 6492 8983 2593 4548 8281 9150 5922 11036 11703 11865 6104 10346 5615 9876 11724 12239 12537 14650 5442 8506 9141 6746 7991 8155 6892 5164 8266 8855 8545 8320 12023 11141 7041 9296 7037 5508 7054 10707 1831 0 12261 8235 381 9227 8150 10121 13765 1745 10977 12242 9067 7057 12345 10061 9527 10354 9086 13027 10410 1967 10699 3805 4482 7157 
12841 19245 11780 16190 11886 422 6891 8282 15200 16966 14193 11073 15465 15366 10173 8937 15998 13954 13332 13602 19865 16925 6488 3068 17275 17950 12075 14257 1661 2614 6827 6029 16318 7525 4609 15818 16544 13698 14316 18536 17621 17989 12134 13864 5422 3024 6288 6874 18009 4997 12768 12261 0 6046 12378 15806 17589 3868 13850 10851 1353 290 14489 18219 7381 2871 9186 9112 3826 1557 7414 10683 1784 8626 11087 5124 
8199 13204 7413 10206 6079 6385 2669 4158 9437 11416 8639 7641 9667 9320 5668 3817 10004 7929 7460 7856 13835 10968 2622 3054 12174 11938 6787 8696 7270 8631 4297 7428 10284 1728 2256 9826 10806 7989 8273 12705 11725 12179 6943 8106 2537 4526 1323 3374 12540 8294 7994 8235 6046 0 8185 9761 11753 2399 8875 6510 4790 6206 8448 12817 4401 3177 10717 11128 2319 7466 2818 6292 4298 4573 5486 3962 
1134 11943 13380 7910 9554 12511 5831 4240 5769 6101 11916 1831 6111 8617 2518 4444 7902 8813 5566 10729 11323 11503 6139 10385 5332 9495 11466 11932 12700 14794 5580 8774 8765 6653 8046 7777 6516 4792 7911 8487 8167 7950 11766 10829 7104 9435 7016 5574 6722 10960 1452 381 12378 8185 0 8856 7775 10131 13489 1677 11082 12368 8717 6738 12233 10118 9874 10697 9130 13182 10285 1893 10789 3842 4209 7296 
7778 3555 8789 1609 4909 16138 9741 9311 3509 5250 5153 10258 3278 442 8289 7869 1411 2200 3414 4320 4133 2767 10147 12795 7488 2453 6452 5120 16950 18391 11186 15388 752 8378 11512 1402 3949 4065 1495 4432 3297 4193 6714 4187 11067 13854 9714 10296 6210 17064 7420 9227 15806 9761 8856 0 3758 12066 7338 8491 14528 15959 1520 6666 10922 12935 17707 18417 12018 17196 9366 8412 14045 9305 5750 12297 
6654 4886 12384 2205 8245 17863 10879 9920 2423 2084 8904 9528 2130 3980 8335 8794 2446 5670 4293 8008 3681 6106 11305 14772 4345 2302 10018 8873 18475 20201 11843 15855 3060 10108 13022 2550 1264 3935 4456 952 593 471 10302 7901 12351 15179 11301 11200 2649 17824 6405 8150 17589 11753 7775 3758 0 14152 11081 8155 16247 17689 5031 3095 13901 14783 17536 18331 13776 18818 12122 8174 15806 9754 6539 13294 
10303 15449 8265 12580 8018 4252 4306 5909 11833 13789 10353 9281 12065 11624 7662 5987 12375 10142 9858 9737 16168 13069 4039 820 14452 14294 8278 10416 5306 6366 5278 7040 12617 4090 2367 12197 13201 10378 10590 15104 14119 14577 8361 9998 3277 3439 3174 4720 14901 7239 10139 10121 3868 2399 10131 12066 14152 0 10158 8468 2799 4075 10700 15166 4189 1252 10498 10733 1332 5386 3650 8263 2306 6322 7845 4129 
12745 8822 2419 8883 3936 14264 10720 11407 10124 12293 2190 14106 10051 7103 11631 10023 8649 5562 8628 3140 10522 5866 10939 10969 14298 9541 2190 2229 15413 16016 12603 16269 8072 8735 11129 8571 11043 9698 6855 11766 10635 11526 1965 3200 11302 13290 9781 11527 13377 17129 12373 13765 13850 8875 13489 7338 11081 10158 0 12292 12946 14099 6113 13822 6700 11390 19441 19922 10924 15407 6509 12105 12460 11669 9283 12771 
2008 11824 11984 7825 8371 11008 4178 2610 5880 6795 10884 1868 6224 8186 849 2804 7764 8044 5078 9713 11479 10971 4505 8744 6528 9552 10197 10907 11282 13321 4156 7790 8543 5002 6429 7614 6902 4587 7337 8975 8449 8413 10488 9844 5502 7967 5341 3989 7619 9880 2011 1745 10851 6510 1677 8491 8155 8468 12292 0 9533 10858 8072 7723 10600 8497 9428 10202 7497 11738 8669 222 9217 2233 3114 5846 
11516 17990 10990 14873 10744 1622 5541 6951 13854 15613 13139 9831 14121 14088 8841 7584 14684 12718 11998 12487 18567 15733 5140 1981 15934 16642 11077 13201 2521 3956 5567 5406 15024 6206 3256 14505 15196 12350 13035 17192 16285 16645 11160 12746 4077 1922 4949 5548 16657 4890 11435 10977 1353 4790 11082 14528 16247 2799 12946 9533 0 1446 13236 16868 6714 1640 8761 8812 2513 2676 6444 9361 502 7303 9738 3895 
12855 19409 12042 16317 12088 180 6945 8305 15294 17035 14417 11031 15563 15518 10194 9005 16128 14126 13443 13812 20006 17113 6536 3266 17305 18084 12309 14480 1377 2520 6802 5832 16461 7650 4684 15948 16633 13789 14467 18634 17730 18086 12372 14073 5466 2966 6394 6895 18069 4736 12790 12242 290 6206 12368 15959 17689 4075 14099 10858 1446 0 14653 18273 7652 3031 8951 8862 3954 1316 7649 10694 1914 8641 11175 5090 
7722 4756 7366 2830 3392 14833 8705 8483 4109 6194 3987 9913 3988 1130 7727 6983 2586 682 3165 2993 5608 2937 9092 11450 8283 3972 5007 3967 15693 17053 10282 14474 2243 7177 10314 2485 4932 4104 853 5803 4647 5492 5283 2913 9949 12681 8526 9327 7265 16034 7345 9067 14489 8448 8717 1520 5031 10700 6113 8072 13236 14653 0 7711 9407 11623 16990 17662 10740 15911 7880 7957 12746 8538 5080 11251 
5800 7874 14854 5057 10581 18436 11329 10039 3862 1575 11691 8565 3838 6794 8200 9300 5262 8271 5844 10689 6361 9174 11737 15669 1702 5367 12502 11668 18860 20785 11826 15453 6039 11092 13620 5305 2779 4975 6981 3025 3682 2822 12803 10623 12807 15515 12074 11435 457 17588 5717 7057 18219 12817 6738 6666 3095 15166 13822 7723 16868 18273 7711 0 15699 15571 16549 17386 14537 19274 13789 7825 16480 9762 7332 13457 
12026 13817 4453 11924 6078 7802 7064 8481 11929 14162 7583 11936 12058 10506 9755 7797 11684 8738 9878 7392 14988 11032 7019 4876 15426 13361 5346 7651 9017 9365 8660 11176 11614 5610 6101 11527 13249 10730 9637 14813 13695 14367 5292 7649 6749 7627 5724 7774 15343 11411 11754 12345 7381 4401 12233 10922 13901 4189 6700 10600 6714 7652 9407 15699 0 5403 14615 14892 5376 8920 1981 10378 6283 8884 8727 7990 
10425 16379 9517 13334 9105 3211 4349 5888 12414 14259 11516 9066 12668 12495 7742 6278 13140 11096 10507 10851 16997 14097 3995 557 14735 15087 9478 11578 4158 5468 4864 5959 13448 4684 2071 12960 13770 10925 11445 15733 14794 15193 9573 11109 3020 2273 3513 4553 15335 6008 10303 10061 2871 3177 10118 12935 14783 1252 11390 8497 1640 3031 11623 15571 5403 0 9418 9605 1035 4306 4882 8307 1138 6278 8331 3429 
10940 21162 18129 17217 16036 8954 8766 8529 15306 15971 18764 8054 15652 17350 9450 10049 17138 16772 14333 17743 20906 19919 8512 9975 15009 18971 17271 18809 8108 10117 6915 3461 17862 10734 8589 16980 16274 13989 16386 18310 17861 17759 17476 17949 8192 7159 9671 7983 16572 4354 11149 9527 9186 10717 9874 17707 17536 10498 19441 9428 8761 8951 16990 16549 14615 9418 0 856 9243 8672 13475 9446 8959 8452 11967 6757 
11753 21891 18533 17966 16594 8848 9311 9183 16082 16788 19319 8872 16426 18054 10190 10696 17881 17424 15060 18320 21673 20585 9032 10161 15853 19730 17765 19365 7914 9825 7494 3730 18591 11257 8948 17721 17069 14746 17077 19113 18646 18560 17961 18531 8629 7332 10141 8547 17404 4152 11955 10354 9112 11128 10697 18417 18331 10733 19922 10202 8812 8862 17662 17386 14892 9605 856 0 9519 8461 13844 10212 9052 9131 12670 7170 
9409 15491 9202 12365 8375 4132 3331 4892 11399 13229 10879 8144 11657 11579 6730 5243 12175 10236 9510 10144 16054 13287 2993 1263 13703 14130 8925 10938 4957 6439 4023 5800 12511 3699 1120 11995 12752 9906 10524 14725 13798 14182 9047 10398 2077 2377 2487 3593 14302 6235 9281 9086 3826 2319 9130 12018 13776 1332 10924 7497 2513 3954 10740 14537 5376 1035 9243 9519 0 5178 4482 7303 2043 5289 7306 2797 
13746 20665 13330 17507 13392 1145 7987 9248 16410 18082 15732 11739 16688 16757 11123 10070 17324 15395 14601 15121 21221 18402 7567 4573 18240 19287 13624 15795 585 1669 7606 5878 17683 8849 5799 17144 17735 14898 15702 19758 18880 19204 13686 15381 6499 3774 7559 7842 19089 4324 13708 13027 1557 7466 13182 17196 18818 5386 15407 11738 2676 1316 15911 19274 8920 4306 8672 8461 5178 0 8964 11588 3171 9556 12283 5896 
10051 12482 4726 10228 4749 7819 5361 6666 10063 12267 6805 10073 10212 8935 7827 5866 9994 7240 8003 6330 13487 9857 5390 4464 13468 11762 4661 6870 8932 9740 7096 10119 10019 3718 4897 9830 11403 8814 7996 13049 11956 12582 4725 6594 5340 6858 4073 6125 13444 10716 9776 10410 7414 2818 10285 9366 12122 3650 6509 8669 6444 7649 7880 13789 1981 4882 13475 13844 4482 8964 0 8446 5955 7055 6750 6724 
2161 11770 11777 7784 8189 10846 3980 2424 5874 6862 10717 2025 6217 8098 627 2582 7717 7914 4997 9549 11462 10865 4313 8548 6662 9525 10004 10741 11137 13164 4023 7730 8482 4780 6241 7564 6928 4549 7233 9007 8455 8443 10293 9684 5319 7815 5130 3813 7710 9799 2132 1967 10683 6292 1893 8412 8174 8263 12105 222 9361 10694 7957 7825 10378 8307 9446 10212 7303 11588 8446 0 9039 2058 2962 5701 
11186 17502 10523 14408 10242 2093 5167 6619 13420 15207 12639 9596 13684 13606 8504 7184 14218 12225 11548 11985 18093 15234 4776 1491 15576 16172 10581 12701 3023 4398 5330 5554 14547 5742 2862 14038 14767 11921 12553 16754 15836 16208 10667 12244 3727 1916 4506 5228 16261 5222 11093 10699 1784 4298 10789 14045 15806 2306 12460 9217 502 1914 12746 16480 6283 1138 8959 9052 2043 3171 5955 9039 0 6984 9312 3705 
4215 12815 10943 8994 7917 8793 2020 419 7355 8677 10609 3068 7679 8932 1569 1679 8880 8331 6009 9508 12778 11468 2301 6545 8684 10801 9489 10645 9118 11118 2100 6165 9525 3357 4207 8710 8555 5886 7947 10642 9952 10075 9748 9688 3271 5782 3300 1756 9609 8070 4155 3805 8626 4573 3842 9305 9754 6322 11669 2233 7303 8641 8538 9762 8884 6278 8452 9131 5289 9556 7055 2058 6984 0 3559 3696 
3572 9256 9235 5488 5347 11346 4346 3596 4126 5947 7784 4982 4409 5384 2657 2278 5357 4978 2479 6607 9288 8015 4772 8382 6773 7307 7260 7806 11936 13693 5513 9690 5971 3761 6495 5184 5458 2615 4426 7476 6637 6921 7562 6734 5812 8644 4819 4733 7057 11485 3231 4482 11087 5486 4209 5750 6539 7845 9283 3114 9738 11175 5080 7332 8727 8331 11967 12670 7306 12283 6750 2962 9312 3559 0 6816 
7854 15851 11374 12278 9614 5227 2556 3431 10872 12345 12305 5950 11179 11882 5263 4540 12129 10879 9273 11383 16075 14058 2159 3902 12362 14096 10633 12356 5437 7499 1717 3500 12650 4258 1889 11952 12136 9366 10833 14208 13435 13644 10817 11613 1471 2139 3018 2094 13299 4784 7828 7157 5124 3962 7296 12297 13294 4129 12771 5846 3895 5090 11251 13457 7990 3429 6757 7170 2797 5896 6724 5701 3705 3696 6816 0 
