168
271
299
141
154
93
137
168
84
299
89
146
214
300
165
129
191
342
167
217
227
211
87
112
338
251
169
95
180
126
89
89
52
119
249
79
139
208
126
134
197
171
243
160
156
83
207
98
129
103
65
332
114
132
193
227
41
35
99
57
110
95
82
100
155
39
66
92
229
274
104
123
80
99
122
72
156
76
194
180
86
276
224
186
152
97
82
105
77
47
55
92
81
107
146
114
97
112
84
146
133
39
140
166
42
102
152
88
81
51
82
20
99
78
145
85
123
67
214
215
126
182
78
147
101
110
81
148
203
127
155
71
105
97
88
219
107
145
72
113
62
127
84
249
149
88
113
61
93
80
95
86
163
229
119
166
184
128
178
81
94
223
92
119
178
163
188
71
127
162
180
76
126
152
124
183
200
165
154
155
114
129
210
193
258
114
133
178
168
259
131
190
65
133
391
172
225
163
123
211
214
75
168
244
113
83
104
177
155
249
245
150
313
131
138
35
81
402
139
87
340
186
199
341
196
273
148
70
121
142
176
206
48
161
51
112
108
144
55
104
100
81
97
511
260
76
197
123
173
293
170
267
175
242
147
204
287
96
132
133
58
233
82
294
169
174
139
106
276
115
127
145
152
269
236
12
172
101
164
131
139
172
80
74
165
278
116
81
183
137
90
120
191
94
113
203
169
174
119
101
149
110
76
159
84
79
90
272
202
119
81
156
115
93
124
229
134
207
93
182
78
142
99
146
93
126
142
136
154
226
166
119
129
162
173
115
171
75
301
211
110
107
163
201
61
44
141
175
179
140
120
129
110
154
105
81
114
198
85
93
166
93
264
172
177
275
149
185
107
187
127
49
246
119
198
39
31
29
41
46
103
52
100
72
100
60
26
43
63
92
91
78
252
129
92
41
89
112
33
180
107
247
92
123
57
66
99
25
47
145
44
116
37
101
56
103
39
47
117
76
121
374
384
25
186
97
80
45
56
79
22
32
43
32
67
31
67
64
82
52
52
43
89
58
107
64
41
71
128
136
53
24
111
58
149
90
104
104
80
113
244
148
146
44
103
333
108
92
109
262
204
196
78
235
133
143
148
89
78
243
88
76
188
89
56
95
146
151
56
113
54
150
188
109
192
34
35
142
91
89
88
165
128
63
126
90
90
271
218
183
110
63
88
297
169
120
150
154
209
66
103
139
50
84
115
56
113
49
85
133
280
67
214
213
108
94
77
96
34
195
144
75
260
102
150
332
102
217
129
166
174
103
76
55
207
166
93
134
120
262
159
207
172
146
260
171
258
133
146
98
156
82
108
92
126
56
123
124
86
74
130
190
152
171
123
182
112
63
167
146
131
88
88
59
60
99
110
61
169
311
78
71
89
103
158
94
80
82
219
96
81
177
73
146
143
34
189
96
239
122
150
241
109
206
238
123
157
68
225
41
93
48
123
325
88
99
189
141
162
195
76
160
243
165
70
95
110
159
70
102
137
174
106
242
103
71
209
149
79
116
59
112
137
55
52
158
198
121
92
130
88
32
116
32
84
77
139
76
46
70
36
75
47
50
46
45
26
19
50
49
54
83
121
83
79
41
94
93
32
81
52
48
26
68
125
49
37
71
43
143
59
70
34
35
40
52
60
90
142
80
51
45
187
143
57
46
125
315
36
301
173
52
206
256
277
136
140
67
115
94
239
54
37
43
109
77
147
62
52
89
51
65
108
127
111
93
32
58
68
37
77
90
161
125
46
60
100
66
33
64
71
104
34
54
109
44
95
47
38
106
39
57
21
31
29
79
29
46
64
64
76
114
105
77
130
66
62
53
33
73
77
62
136
38
62
28
108
57
52
75
55
43
80
70
113
134
40
42
47
121
28
43
96
27
71
70
145
151
104
114
50
58
69
38
99
90
49
46
32
75
88
75
29
100
40
18
76
86
56
62
45
64
116
70
79
29
26
46
140
89
51
32
36
81
91
24
109
38
70
109
40
52
68
47
98
57
57
93
77
72
43
73
69
83
55
55
80
98
96
44
44
56
60
101
144
72
32
62
60
26
37
66
38
69
66
51
70
32
40
92
105
43
69
110
67
36
40
139
28
72
34
42
73
37
83
83
26
34
41
88
122
37
98
134
57
63
51
56
77
75
49
54
58
69
37
154
83
40
59
47
35
42
132
78
83
45
138
59
63
83
112
79
105
121
69
44
65
63
40
100
66
63
47
72
82
106
112
78
191
55
88
111
56
78
72
73
40
54
72
36
38
75
63
52
67
65
30
56
70
66
49
43
46
65
126
78
52
40
83
66
132
26
53
55
67
46
97
39
50
25
81
75
113
47
59
29
45
54
41
72
35
55
62
73
90
37
100
70
46
52
36
58
64
48
27
34
93
81
65
69
41
55
56
53
48
23
102
39
156
104
177
91
74
42
60
146
98
83
58
43
41
33
50
58
36
76
84
59
88
29
88
38
45
45
61
41
121
95
135
24
66
97
44
89
39
30
90
30
45
80
49
78
86
189
124
66
262
64
117
118
58
103
57
68
55
79
59
28
54
91
47
140
143
66
64
121
81
89
112
35
51
90
156
73
51
104
148
114
40
65
135
122
79
174
71
54
171
177
129
259
131
39
110
146
132
172
86
41
70
120
51
80
53
47
42
63
71
142
469
308
253
258
138
226
110
126
131
143
139
91
122
78
198
113
284
211
263
176
177
98
59
63
34
78
53
89
43
94
36
68
55
61
79
125
104
54
56
39
47
119
81
156
35
75
40
97
80
69
86
36
50
50
72
29
54
67
64
49
86
53
120
34
85
38
111
96
64
215
104
300
73
99
57
80
54
90
44
68
166
38
109
104
179
178
31
40
57
92
66
42
69
51
183
172
38
43
139
43
84
76
50
40
39
102
58
49
59
113
88
32
41
75
66
51
43
45
66
47
58
78
37
72
78
36
43
25
73
65
80
81
38
38
69
35
31
39
105
143
64
128
84
158
198
44
72
140
78
150
88
72
82
46
77
49
128
77
81
47
41
47
94
105
60
49
37
46
120
90
69
95
68
104
160
85
164
132
57
86
91
110
108
47
77
84
112
89
66
129
34
83
51
56
83
75
111
126
30
58
63
177
74
42
46
43
41
50
30
172
218
106
44
80
118
76
57
74
31
69
42
56
177
25
67
66
81
91
70
29
45
41
32
34
82
102
158
46
49
47
111
26
109
83
48
65
51
44
59
76
44
53
117
185
59
49
81
96
56
56
116
106
49
54
76
42
199
176
31
30
62
35
127
34
31
41
32
53
59
56
38
108
45
36
103
78
98
133
62
120
60
59
165
195
268
165
356
139
134
240
93
240
263
102
137
94
65
149
146
308
280
156
118
160
91
197
119
234
296
329
407
294
103
109
64
56
68
174
105
65
109
96
95
138
47
75
71
27
73
116
146
83
101
44
39
351
122
75
61
46
48
96
112
65
92
37
74
57
47
34
29
34
158
40
55
46
94
28
74
97
45
44
56
73
53
55
73
32
47
59
50
43
83
59
30
55
46
91
55
43
99
83
135
60
36
50
87
69
106
56
56
101
77
30
77
37
46
34
54
44
57
67
44
91
33
43
69
27
43
101
40
81
46
49
35
36
97
93
110
70
39
105
32
51
63
49
76
76
52
47
26
47
129
81
127
89
50
92
55
42
51
57
46
44
101
138
154
31
54
90
62
38
68
55
36
34
40
58
47
28
50
87
33
32
125
86
39
61
65
49
45
40
78
70
65
80
40
48
47
35
36
40
62
45
78
68
67
40
111
30
34
55
23
42
32
76
83
35
57
52
44
37
74
59
78
59
35
53
30
61
155
37
44
34
97
54
36
83
75
68
50
106
154
50
57
36
175
47
36
102
45
154
52
70
45
79
34
100
43
59
53
87
52
75
98
30
35
76
33
78
64
43
56
77
99
66
24
86
53
93
95
46
154
55
70
82
72
89
209
108
89
109
78
187
76
125
81
116
93
111
162
139
69
101
55
66
31
145
101
29
44
53
37
49
98
108
61
78
142
99
103
49
54
28
57
37
73
53
158
118
73
132
134
80
137
64
101
113
68
79
77
184
110
206
73
31
77
217
38
709
272
247
416
136
176
312
168
199
200
231
306
118
230
298
169
214
163
289
209
141
96
85
195
167
278
296
315
154
317
165
141
233
176
205
196
207
211
111
150
283
136
198
199
137
222
260
179
176
217
334
223
325
181
304
212
159
265
250
322
91
471
225
263
247
145
190
139
193
162
207
151
182
281
334
256
140
296
320
130
247
295
324
250
221
481
256
148
294
229
194
207
100
168
255
209
277
191
161
156
203
229
170
67
70
49
51
30
65
45
117
282
191
93
111
60
30
88
97
106
69
102
134
287
150
325
308
282
258
345
175
278
46
71
47
84
117
55
69
74
81
74
52
78
49
27
57
61
82
75
109
138
78
90
38
33
49
62
84
80
37
39
83
109
36
27
32
55
113
31
36
68
58
95
66
57
63
43
96
72
74
72
32
49
45
38
94
156
113
207
83
140
73
65
51
54
42
41
46
25
99
72
58
42
49
53
48
50
50
44
84
87
91
27
93
71
64
71
70
89
55
56
161
56
75
31
39
58
42
46
24
55
23
40
48
45
51
49
31
54
30
37
43
91
49
49
33
141
134
55
90
80
39
64
65
132
88
64
45
84
46
63
139
86
34
56
121
54
125
108
89
45
48
88
76
48
46
123
175
74
210
41
54
78
61
40
39
174
124
60
56
49
53
75
73
188
44
24
34
51
31
58
68
89
38
103
47
34
38
66
21
92
84
63
67
36
36
66
39
57
61
51
57
64
38
74
40
104
71
71
60
92
40
31
61
108
34
30
73
75
52
52
94
34
58
26
25
46
54
119
56
54
47
51
71
66
68
43
116
100
30
92
103
80
46
119
53
22
23
40
84
65
46
75
132
49
73
102
52
83
81
85
40
56
53
105
79
43
59
40
42
94
39
72
58
61
59
93
45
55
55
100
74
57
43
64
44
108
38
115
29
85
56
41
65
51
26
49
114
83
53
95
61
66
98
94
98
73
69
141
65
89
88
43
72
74
42
87
47
159
77
67
69
107
77
94
198
47
62
72
57
37
121
51
49
23
100
41
54
25
70
27
40
37
30
60
48
50
121
51
72
68
76
60
82
59
103
189
28
55
65
66
26
104
141
155
161
117
59
175
114
123
66
107
58
129
125
60
136
155
90
60
100
100
29
120
116
100
98
149
85
75
114
80
54
46
69
46
71
56
131
37
108
71
86
116
62
107
133
76
62
103
39
100
72
41
252
67
77
180
55
67
56
105
58
91
102
88
84
56
73
42
66
79
15
43
47
66
97
30
185
53
26
70
74
57
72
113
52
36
40
44
43
25
80
92
26
24
54
133
69
78
101
38
85
86
69
86
104
57
36
80
80
20
71
58
32
32
95
52
48
106
23
103
35
54
38
81
70
250
76
86
36
26
44
125
40
40
33
108
82
54
90
40
67
69
102
39
36
69
83
139
131
67
54
35
47
118
49
34
40
61
110
49
16
66
38
53
67
144
51
21
50
43
47
20
91
135
66
82
111
30
105
58
68
69
36
66
104
53
48
86
86
85
76
59
64
104
39
55
23
61
33
27
31
69
122
54
59
51
17
63
24
73
50
56
50
55
70
110
50
102
26
61
40
61
82
45
85
58
69
108
75
68
33
156
185
52
41
24
56
55
23
51
36
101
50
29
35
85
78
71
66
30
28
58
41
76
37
60
57
32
104
39
44
41
73
39
81
90
104
147
164
191
155
209
137
113
147
78
212
205
198
73
180
71
73
56
83
64
68
104
81
50
108
110
58
158
147
154
50
144
38
97
202
136
31
113
43
169
147
42
65
59
171
246
199
274
115
150
210
175
134
320
171
228
177
447
123
179
98
65
223
120
338
109
52
82
113
169
41
49
17
50
46
80
64
59
46
34
52
27
54
41
40
37
99
42
59
35
25
20
106
108
19
25
53
39
57
72
116
97
83
78
64
57
69
41
62
49
52
105
27
37
24
32
118
45
27
54
38
67
71
45
71
19
30
65
45
55
41
61
88
43
45
41
21
51
25
57
70
34
52
23
109
24
22
39
133
67
69
214
31
56
94
46
51
67
33
31
80
53
59
40
48
104
35
123
55
55
52
75
56
49
46
68
78
37
65
102
63
138
50
60
51
84
62
23
16
40
25
50
40
94
81
89
21
61
62
75
26
150
49
187
119
49
49
86
143
82
179
114
107
123
134
114
33
87
25
80
102
107
18
19
56
56
61
45
50
45
68
77
42
30
45
54
39
38
13
71
81
64
100
47
36
38
31
35
76
83
69
53
67
61
40
95
82
122
23
29
30
52
52
24
28
45
37
30
23
99
33
94
72
74
108
46
32
63
84
36
61
57
33
23
53
25
29
72
57
80
33
44
47
22
40
62
76
151
81
294
184
107
45
39
33
21
16
24
34
25
56
85
31
83
79
55
56
34
84
55
70
31
48
71
27
32
30
68
19
42
21
22
23
30
44
39
20
45
57
50
121
54
46
104
126
214
277
119
356
202
257
132
171
288
102
367
185
163
226
262
246
194
320
183
224
246
96
226
276
137
176
105
277
260
310
146
246
296
132
175
281
138
375
110
128
292
179
101
299
196
292
381
138
211
127
301
181
171
267
293
149
391
250
499
226
335
243
208
540
197
140
226
289
423
261
226
218
317
271
209
164
186
250
144
218
453
184
243
315
296
166
175
227
208
208
139
242
480
408
275
410
354
163
357
237
157
243
265
276
215
234
370
249
298
511
361
336
345
189
154
301
237
129
473
310
202
479
300
246
209
363
229
270
125
205
285
137
126
175
217
351
311
262
56
103
67
111
105
127
281
250
223
292
161
325
259
182
214
231
110
133
129
138
99
145
150
236
111
132
115
216
345
64
123
236
311
263
352
193
152
145
106
127
109
77
107
133
118
107
157
250
167
224
145
235
616
335
417
115
47
164
121
178
215
110
272
84
185
146
69
170
96
108
104
83
158
62
127
331
239
245
167
130
197
187
147
228
116
230
214
152
153
337
306
169
187
189
116
64
123
43
246
181
349
179
261
55
142
84
143
364
144
463
211
157
277
177
62
66
56
122
87
74
159
45
41
209
233
905
421
304
375
256
286
216
240
116
87
183
62
36
37
99
116
78
118
92
108
408
374
482
137
161
77
272
367
283
153
331
194
376
266
123
528
252
226
145
215
120
79
165
287
253
424
178
522
256
332
163
453
245
351
203
142
197
236
254
163
239
275
358
274
237
444
211
185
453
291
239
179
111
294
359
184
228
211
222
221
161
141
134
274
214
333
217
176
225
85
156
65
148
162
177
264
198
447
298
197
188
157
274
203
307
245
123
30
62
33
36
115
157
286
145
227
214
215
270
216
181
154
269
108
244
151
142
207
99
237
269
144
172
291
267
280
260
287
355
378
235
257
225
252
338
284
186
160
135
386
255
145
91
183
223
289
297
469
201
270
308
321
254
242
191
281
443
348
169
430
213
268
161
187
199
93
562
246
480
238
293
226
305
291
452
344
325
718
394
464
73
420
283
190
251
333
311
508
319
42
235
67
323
240
88
355
267
259
157
159
320
85
171
196
176
114
85
161
103
207
162
211
460
209
179
131
57
40
36
35
38
70
76
29
69
45
51
36
54
38
85
41
31
55
32
86
30
89
47
49
49
39
112
88
62
123
100
40
67
138
40
144
219
177
156
220
119
273
149
238
204
118
220
109
177
176
65
143
165
197
121
206
216
183
189
138
365
278
186
102
229
191
53
355
155
209
322
368
273
219
205
101
159
174
48
176
286
124
78
135
258
125
110
183
157
64
177
180
224
77
114
113
76
43
76
257
160
256
95
113
183
243
84
113
120
72
308
204
114
156
246
156
141
94
148
70
148
141
143
98
187
154
93
125
67
136
229
79
154
124
266
158
79
45
73
74
99
185
277
82
79
229
129
240
79
265
138
49
206
221
98
117
209
157
109
252
334
131
126
43
238
132
94
159
134
121
81
109
223
31
164
95
121
89
118
57
99
189
244
100
177
86
81
152
125
343
195
204
204
203
115
244
120
170
221
123
190
191
216
163
305
212
454
193
80
166
62
120
171
191
107
238
145
339
136
286
119
380
333
159
125
194
166
123
353
84
74
139
228
79
137
246
177
370
241
226
139
214
172
331
300
117
189
332
110
256
174
159
242
152
218
275
131
267
283
155
179
324
209
273
201
262
178
194
235
203
182
161
334
216
200
182
319
265
193
361
91
126
223
200
114
192
270
209
337
221
463
243
321
338
453
169
257
259
166
234
268
238
341
265
139
128
179
205
161
96
140
219
116
189
335
247
191
94
198
156
206
116
171
240
112
308
300
107
196
458
177
287
134
220
212
355
141
206
202
163
100
58
85
117
50
67
154
171
96
40
113
84
54
98
34
66
55
91
93
26
313
138
190
157
236
217
131
68
99
61
45
360
158
144
348
180
200
98
149
113
116
84
338
369
100
95
70
57
67
81
86
172
112
89
81
37
149
189
44
56
30
68
60
52
107
40
39
26
38
61
40
28
54
40
95
62
118
54
50
75
116
260
86
71
116
116
71
104
54
101
67
75
87
56
51
97
43
95
60
117
111
157
123
118
51
162
55
114
123
156
187
121
37
73
45
91
130
155
27
154
192
155
103
147
205
393
267
134
277
282
179
254
260
157
160
121
89
201
259
334
90
172
149
208
135
34
131
124
63
410
260
167
67
65
77
87
63
91
138
94
211
57
142
126
58
54
79
79
82
110
151
162
174
67
62
144
132
225
325
239
298
294
213
461
269
427
207
232
208
413
242
352
77
382
291
223
172
193
226
243
302
163
185
173
288
71
307
175
279
257
183
279
238
367
164
406
418
267
308
213
123
445
346
151
187
140
168
321
178
227
158
262
168
191
274
162
291
206
624
137
58
58
202
130
47
66
64
66
121
366
223
216
81
75
71
117
116
74
97
62
65
82
67
191
105
158
125
319
237
164
52
51
74
92
99
73
48
53
68
193
348
75
269
237
259
204
200
111
124
143
224
175
304
198
258
150
115
126
253
132
99
51
106
149
76
92
86
146
72
86
103
103
150
160
199
281
316
236
108
177
137
91
93
100
125
69
164
38
104
34
131
293
259
144
66
78
133
131
88
60
102
90
234
368
198
178
133
238
197
255
380
188
121
122
128
221
318
270
125
216
129
120
102
57
86
69
43
192
160
77
110
110
96
91
131
258
370
250
107
82
272
327
63
108
84
371
124
404
166
322
241
159
142
77
140
102
245
157
87
88
168
186
235
185
169
99
71
63
116
101
139
283
85
120
72
160
233
167
375
81
308
108
207
212
184
186
148
298
116
179
79
87
87
250
127
81
206
204
66
72
124
171
379
256
466
181
447
112
213
232
194
577
252
345
345
478
278
161
202
590
311
395
206
264
73
104
269
211
63
51
103
67
161
98
145
84
162
238
146
71
67
63
107
65
112
108
119
329
97
158
130
284
240
93
181
58
214
158
91
184
175
215
92
149
58
283
174
261
132
114
76
73
177
270
91
220
108
143
422
163
272
279
271
156
351
230
97
164
74
103
123
93
213
113
162
296
130
252
193
99
144
123
109
126
81
301
219
168
146
129
82
146
59
124
220
200
203
120
197
93
301
171
252
197
146
199
154
316
150
136
150
280
394
213
241
308
328
271
263
192
165
287
142
54
141
97
141
134
64
275
90
80
156
266
301
274
249
120
149
145
178
228
181
413
95
139
89
94
83
43
106
229
73
179
131
208
82
227
120
72
148
99
98
115
102
135
143
182
156
292
174
240
127
71
138
111
124
67
139
72
44
127
73
109
83
353
204
169
196
157
50
72
79
125
118
29
121
177
35
102
109
160
238
60
211
128
169
175
195
110
209
242
162
166
178
219
210
118
90
259
356
234
160
148
172
121
91
264
65
100
252
77
290
317
165
421
546
120
262
206
91
100
128
84
150
298
405
91
245
173
195
98
224
106
161
173
142
130
231
54
179
62
192
98
245
129
248
89
204
80
71
75
132
67
87
138
176
259
356
183
113
143
132
156
69
119
40
48
72
122
78
66
69
64
66
122
61
89
82
87
163
113
62
62
125
56
51
72
117
84
68
125
86
56
73
84
147
168
159
172
97
205
246
127
93
97
159
112
180
141
238
198
257
85
100
66
47
124
80
151
122
45
144
71
53
72
105
77
87
59
41
111
44
37
53
62
46
76
49
72
43
62
39
114
77
75
41
43
73
71
42
96
109
90
39
81
76
54
96
90
71
82
67
119
83
105
69
101
69
76
80
58
59
57
54
20
122
153
78
98
105
109
151
81
89
95
71
50
99
185
46
89
109
91
75
147
71
90
205
85
106
100
218
374
72
103
74
128
44
63
49
48
56
81
71
67
42
97
84
149
158
30
135
50
90
56
38
90
147
111
188
28
82
55
108
72
68
80
158
56
45
64
105
224
80
100
77
68
66
76
54
98
90
60
35
100
54
48
119
117
44
115
76
177
100
139
133
96
39
76
34
37
81
84
59
112
99
94
85
75
122
84
28
102
42
80
81
52
65
133
101
117
119
31
113
81
79
141
58
132
85
55
78
135
64
86
95
100
64
145
144
94
122
94
84
125
32
145
73
65
135
64
182
104
147
53
160
134
112
52
104
98
114
55
57
97
110
110
80
68
102
135
91
39
30
95
46
77
69
106
61
43
96
95
200
85
54
59
56
243
108
184
36
237
79
274
66
125
102
179
78
164
59
100
74
31
163
113
148
175
53
91
68
136
169
1370
1682
254
385
221
251
74
57
252
123
68
249
294
186
109
61
285
511
378
53
101
48
136
33
28
40
33
292
144
150
182
72
140
137
207
230
96
97
88
64
30
17
138
113
151
96
74
105
78
220
109
46
93
267
137
236
152
144
156
74
90
76
94
126
145
131
106
149
71
161
180
82
58
57
78
52
138
58
111
91
109
190
157
94
75
105
123
143
81
122
74
119
56
111
37
35
146
129
117
113
155
131
115
51
126
44
61
94
125
132
179
67
114
60
88
113
72
123
173
54
84
99
182
81
93
111
126
68
98
47
65
140
108
45
101
79
98
84
121
70
61
120
35
40
175
107
81
51
109
84
96
64
54
127
45
82
93
74
67
66
22
75
55
63
135
82
35
91
124
33
36
133
120
221
95
116
154
111
99
87
93
144
40
230
60
37
60
65
105
77
93
164
117
121
76
91
87
66
71
92
145
164
160
117
115
112
42
148
81
88
265
109
136
128
67
87
63
37
97
60
76
75
130
63
53
41
81
62
84
117
94
129
229
111
97
71
73
118
96
94
145
142
59
92
71
146
31
166
67
104
66
82
77
70
171
146
174
81
129
83
115
148
112
33
69
47
55
148
79
54
127
150
138
57
142
99
71
95
30
63
69
84
49
42
54
77
62
37
64
120
40
55
241
63
52
170
54
110
73
150
191
62
74
131
136
82
82
193
159
192
103
141
154
214
349
158
162
106
512
75
282
107
146
101
136
107
102
64
146
176
139
119
100
259
96
104
237
287
338
138
133
97
165
134
174
148
171
71
106
81
139
77
321
209
199
145
40
86
82
128
109
53
41
46
93
59
85
52
70
80
71
112
98
81
60
61
98
231
48
90
68
88
118
188
102
101
74
45
81
86
65
105
130
66
45
94
108
98
100
86
163
194
88
96
160
123
133
112
67
92
137
212
63
116
63
76
52
53
92
74
74
90
77
79
166
175
153
147
120
107
109
79
95
141
89
90
30
72
124
132
42
235
79
124
51
52
70
76
123
30
66
87
47
91
71
43
35
28
53
115
50
55
25
45
68
45
68
79
108
78
102
93
143
28
39
58
78
44
110
70
73
60
70
65
59
60
51
87
93
79
167
99
98
59
73
223
213
57
82
98
78
166
126
104
138
103
87
83
79
32
166
53
65
110
78
156
178
205
58
54
77
187
40
57
79
93
71
118
38
95
140
44
81
39
110
90
112
54
173
87
62
74
31
34
74
37
56
99
54
84
75
47
74
70
168
53
52
43
121
162
154
85
157
38
55
81
93
86
66
73
109
108
60
223
76
120
122
140
55
122
117
142
72
168
136
142
71
114
67
87
78
114
53
44
102
67
181
87
97
62
72
193
68
43
67
65
184
83
96
109
84
47
107
69
108
61
175
84
406
421
197
196
160
99
158
81
150
55
81
153
114
77
92
137
102
116
58
102
155
154
118
82
70
62
107
116
123
76
59
94
117
55
86
70
48
110
107
130
36
43
80
82
55
96
86
53
59
91
71
78
38
103
110
89
34
35
85
138
97
31
38
39
25
100
106
129
22
91
71
100
89
54
59
93
96
35
78
81
18
87
28
128
96
72
67
99
89
52
130
61
57
143
78
50
133
62
105
59
119
80
177
184
84
156
99
43
94
83
58
56
76
34
77
67
162
57
31
121
79
51
48
62
98
46
82
65
55
101
68
63
72
92
56
92
81
93
30
215
78
64
32
43
70
80
132
30
147
116
150
153
73
129
136
91
92
105
107
70
145
66
223
134
137
47
178
79
95
59
72
167
77
414
206
75
209
37
182
318
65
305
62
127
210
172
359
337
182
81
92
197
212
60
174
150
274
151
425
326
297
388
330
223
94
132
191
132
130
177
361
209
151
195
113
132
136
156
240
153
187
215
156
177
154
201
77
92
152
99
87
144
132
212
86
124
314
256
98
176
102
165
86
175
124
85
108
118
114
236
128
128
117
92
83
138
100
130
78
180
100
97
156
178
58
53
219
52
145
148
158
104
91
80
63
77
59
63
73
186
131
101
119
137
83
109
56
163
134
82
107
76
135
125
51
85
77
57
54
40
51
39
107
103
46
159
114
112
111
109
88
68
27
113
47
78
120
115
118
124
92
95
124
168
91
106
155
82
118
87
124
185
140
88
67
125
65
202
156
65
123
185
69
188
181
172
82
96
95
105
150
111
74
59
82
88
143
94
111
92
79
77
123
79
54
88
145
71
80
129
232
117
120
159
99
95
172
64
111
140
109
121
150
212
87
94
204
67
86
136
237
202
112
111
28
103
132
155
104
216
176
155
179
116
55
90
109
49
133
41
191
96
55
159
94
136
243
115
116
97
129
116
78
92
95
120
153
111
110
172
92
104
156
127
86
136
91
96
123
81
89
92
85
94
143
170
75
118
261
127
126
165
259
112
140
82
114
65
92
125
46
91
148
113
91
120
80
158
71
93
112
92
139
128
47
144
94
124
73
190
120
112
109
86
52
95
124
115
81
99
285
152
142
45
55
111
104
105
88
114
55
147
132
127
196
90
149
120
175
237
112
94
91
72
87
89
42
92
71
98
104
91
97
99
170
83
114
75
46
93
84
150
136
123
79
165
47
96
154
73
148
143
61
192
95
63
86
195
187
117
51
107
137
106
68
82
57
130
154
159
71
148
85
207
170
92
40
66
60
95
122
84
78
80
80
77
158
95
102
213
112
275
99
257
92
113
114
207
65
107
92
114
157
338
144
164
131
163
119
63
137
211
196
99
99
132
147
53
178
118
165
158
102
193
113
138
105
142
73
81
44
182
102
138
62
178
212
136
139
146
286
88
160
31
124
132
97
38
127
160
165
96
101
120
91
149
145
87
106
81
92
207
173
90
109
178
131
195
371
122
195
193
119
226
187
130
189
106
95
93
86
115
205
180
111
135
119
142
116
72
339
106
230
166
208
300
108
103
80
166
442
215
188
202
242
161
107
47
167
88
203
132
173
112
78
167
211
105
182
258
71
206
137
85
129
53
106
130
90
117
435
129
98
63
190
101
101
204
147
61
139
66
100
117
139
178
153
59
60
202
138
89
141
181
160
137
112
124
184
165
88
173
106
149
125
96
205
102
124
104
61
130
201
167
149
119
119
227
88
46
150
98
109
217
130
220
215
93
84
75
162
99
120
86
232
127
78
72
92
155
185
97
126
83
190
79
78
122
123
78
106
89
163
122
128
169
85
55
91
134
115
107
85
135
191
129
104
56
49
158
92
195
90
217
133
102
61
61
77
183
99
142
43
155
134
118
172
182
68
144
87
143
119
157
58
94
148
106
128
72
133
175
83
117
145
197
180
81
115
219
147
86
203
75
114
187
98
116
99
75
162
100
78
169
65
58
128
135
129
81
131
121
115
108
122
147
247
170
67
80
98
135
188
121
45
102
57
142
134
215
38
151
95
83
115
94
53
64
111
124
175
123
53
112
39
124
117
165
86
97
83
72
98
93
202
244
106
108
95
132
220
141
95
140
136
126
129
105
85
90
119
77
97
134
274
118
83
83
127
95
182
94
199
171
73
100
189
240
91
94
179
166
87
57
84
96
134
386
206
166
193
91
106
228
80
101
132
39
72
156
145
256
108
95
122
120
134
111
184
56
170
68
58
126
143
137
97
149
90
77
146
125
139
114
116
63
95
103
117
83
154
161
96
242
78
72
147
83
133
144
50
132
148
108
141
53
139
69
231
75
67
151
80
140
116
108
156
115
114
108
114
92
111
152
64
82
141
112
85
194
122
117
112
84
169
189
109
97
92
132
98
157
89
92
73
179
103
154
217
166
131
197
105
87
60
99
97
84
91
241
98
162
122
134
88
114
99
139
72
55
123
53
113
108
143
80
183
128
115
127
114
166
91
250
85
91
174
106
149
104
128
69
114
148
147
169
279
110
121
92
130
111
217
112
231
112
191
181
194
228
199
93
78
221
93
187
125
111
132
42
120
161
108
109
139
73
131
113
167
145
59
140
121
45
74
142
153
194
94
72
94
180
169
83
46
35
121
213
107
162
269
128
102
232
91
165
105
205
221
102
190
125
72
136
81
119
59
145
133
137
144
125
149
103
110
129
105
50
83
107
183
46
107
207
79
174
130
196
131
120
235
87
136
141
210
54
69
122
105
134
134
96
88
67
147
76
80
86
100
65
173
125
184
58
130
96
74
164
127
111
115
90
83
158
127
94
169
113
83
123
62
123
85
90
99
97
123
91
257
99
158
113
97
103
102
96
85
110
133
125
61
82
157
208
154
98
99
178
140
76
110
81
194
150
126
137
101
85
161
139
78
89
105
121
65
173
171
109
64
68
83
78
69
117
180
51
144
84
52
68
69
91
63
182
138
202
125
51
39
153
128
113
55
104
73
80
146
98
160
106
80
214
150
125
95
45
49
73
132
119
65
237
88
140
144
80
142
69
139
149
91
142
138
66
30
124
114
95
79
120
110
136
110
198
73
201
136
214
113
117
74
75
60
125
246
96
103
223
120
109
112
142
131
66
139
213
203
76
221
145
227
81
163
100
166
148
119
156
97
93
151
96
113
61
126
99
131
166
132
89
95
81
78
88
87
166
62
120
132
75
163
214
117
83
97
82
75
75
143
97
115
191
127
52
60
109
71
84
101
133
139
409
323
158
187
74
123
97
126
50
106
176
89
114
62
102
44
78
146
198
71
88
114
135
189
75
104
134
167
47
100
127
136
91
105
125
79
63
88
63
83
121
50
111
148
122
70
87
112
106
140
63
60
100
98
93
198
78
156
93
131
119
74
142
79
93
63
95
228
154
113
50
223
81
135
50
67
86
87
70
63
105
72
125
71
107
87
82
113
47
93
207
82
84
133
181
122
111
112
135
69
216
94
77
129
108
92
80
45
77
66
61
105
116
90
99
95
112
72
124
85
116
117
66
57
130
165
85
158
39
78
114
79
90
102
82
168
122
87
63
52
72
127
84
208
108
120
116
136
90
146
93
101
126
113
89
138
237
250
90
130
217
206
91
62
80
138
209
160
121
89
96
74
124
84
159
81
182
152
125
179
117
96
192
183
47
143
127
148
144
109
105
183
148
69
103
52
62
117
145
94
141
86
71
158
130
78
98
112
71
113
78
114
88
43
127
99
172
125
38
58
104
89
64
51
132
79
73
72
125
37
116
187
116
136
161
76
141
124
83
123
70
98
144
310
160
167
217
169
46
110
113
155
181
86
148
172
85
182
65
129
73
37
93
62
40
42
74
55
42
105
65
150
183
54
238
53
55
44
83
82
52
115
91
138
113
41
94
72
111
84
60
122
79
66
56
129
141
67
64
68
128
135
133
65
54
131
186
93
100
213
212
142
111
176
184
194
207
63
243
48
90
64
124
81
66
59
71
127
91
140
140
99
157
156
121
96
71
77
118
164
87
135
163
83
199
70
100
102
86
58
49
125
107
257
105
124
57
114
93
68
85
89
91
59
93
60
134
104
71
87
55
69
109
81
79
116
85
101
44
72
144
157
95
60
125
61
105
170
97
70
84
113
137
136
43
103
65
110
121
107
147
95
81
57
59
74
113
97
87
85
344
198
104
81
70
123
133
81
115
63
103
91
98
127
77
126
57
55
111
110
53
47
64
127
154
65
121
51
83
56
195
67
116
79
125
113
105
136
175
113
130
78
88
92
86
56
91
68
160
74
89
77
58
133
261
54
78
74
122
101
227
33
107
84
68
110
154
73
87
160
104
83
97
65
122
80
204
70
56
104
175
100
225
52
47
59
74
111
86
43
83
86
137
113
73
61
113
124
179
74
194
234
78
195
97
166
138
89
218
91
70
126
85
225
74
69
74
133
59
104
115
96
75
87
145
107
140
78
70
64
294
155
169
51
85
112
157
88
72
143
102
65
118
134
67
146
98
221
161
79
93
142
121
50
78
87
258
54
143
100
189
205
65
37
89
112
86
126
104
99
71
61
79
92
63
65
197
79
80
171
169
208
70
91
69
148
57
109
58
58
92
53
96
135
216
189
77
73
167
201
72
81
62
102
203
93
101
94
98
121
103
182
87
101
63
78
148
55
125
83
144
189
101
88
42
100
81
113
91
184
160
64
117
129
55
78
92
394
147
169
146
111
59
58
53
180
103
54
80
196
46
166
94
70
159
169
183
112
110
94
117
80
221
55
141
219
73
92
86
99
69
58
160
95
278
81
147
83
188
166
77
61
77
78
207
98
111
71
86
218
80
136
116
78
50
121
170
68
38
86
287
79
165
134
239
60
80
105
92
76
71
72
92
50
95
89
81
164
53
98
71
115
135
54
192
251
81
217
99
82
66
73
61
145
112
175
157
114
78
133
162
153
109
272
150
72
85
96
126
61
200
126
179
54
108
133
67
74
95
70
97
86
196
86
98
105
110
161
67
144
184
88
154
76
75
99
123
95
91
120
112
56
174
134
132
158
107
75
124
153
115
138
72
99
136
171
77
117
57
95
129
132
59
117
144
198
109
182
72
283
179
151
130
84
68
74
62
121
114
123
101
114
103
60
118
67
81
137
83
57
95
81
91
90
141
116
100
87
103
134
200
152
183
83
97
84
210
130
74
65
81
141
154
106
121
91
45
118
175
39
86
187
83
136
63
91
78
35
102
71
63
111
87
118
41
88
92
89
94
87
140
56
56
81
99
112
118
96
182
56
157
56
97
68
139
184
58
45
118
80
54
88
224
85
75
236
124
157
95
39
79
72
135
53
63
80
76
90
106
97
65
88
198
165
88
103
105
66
48
133
65
78
140
77
157
74
80
119
142
125
47
54
297
100
126
101
51
160
107
67
115
110
107
49
163
81
240
107
87
109
59
156
131
65
89
110
147
106
111
182
67
127
157
62
92
76
138
120
61
141
87
91
198
180
111
90
84
62
121
127
107
170
67
114
129
70
95
57
89
52
113
106
97
86
72
126
65
56
124
136
171
116
94
76
189
72
99
86
48
103
126
79
104
107
110
148
110
88
94
86
164
125
168
97
106
95
123
75
117
146
86
64
173
105
167
75
190
99
158
129
70
79
293
194
238
158
161
104
118
90
64
144
54
117
90
75
74
150
166
168
265
151
131
102
185
136
120
68
106
229
93
183
87
126
96
78
80
152
100
101
390
89
145
214
155
55
140
127
93
128
141
250
82
98
178
119
117
150
237
99
74
174
166
274
117
100
64
55
91
141
105
130
238
188
88
185
153
72
130
97
61
202
62
181
141
122
194
212
88
83
94
287
139
215
86
246
98
78
162
125
136
104
134
123
128
141
65
186
84
123
129
157
129
87
115
74
102
141
208
56
115
129
339
119
117
124
216
217
152
84
155
140
132
82
110
60
122
128
121
115
95
119
193
216
149
144
113
138
119
82
122
110
137
85
225
117
140
186
155
199
207
175
133
402
102
105
144
186
65
148
134
120
215
143
74
169
58
121
96
62
132
128
114
107
193
80
101
71
52
148
164
158
105
191
40
279
273
168
279
143
115
145
208
89
83
74
80
131
119
186
52
86
78
108
128
106
144
52
106
69
74
123
79
73
132
106
84
64
137
93
215
186
145
84
99
60
73
61
92
81
74
224
125
221
110
169
77
163
65
152
212
261
177
188
261
171
208
176
93
271
96
248
177
208
46
137
77
142
102
55
75
86
87
53
117
76
64
96
89
114
108
117
51
30
149
107
98
71
128
88
157
88
74
138
62
100
159
135
58
124
90
166
68
115
61
164
106
152
98
121
111
83
102
144
136
66
121
136
111
67
146
90
74
81
119
71
66
175
79
74
130
134
85
86
198
207
101
88
84
49
114
157
86
242
147
90
116
81
159
90
102
54
54
76
65
78
51
71
63
84
67
58
78
137
68
75
95
99
141
94
107
71
120
71
70
65
71
110
112
185
161
86
120
128
175
79
160
198
53
131
54
40
132
66
156
96
122
73
87
72
79
148
97
94
103
89
63
133
151
128
135
138
101
96
59
109
138
54
101
103
59
133
135
133
127
49
103
56
86
165
84
103
93
76
110
96
61
139
85
330
54
49
119
348
228
75
96
82
54
101
160
50
86
59
141
135
89
79
76
64
97
112
89
62
80
74
148
40
111
60
101
48
57
86
204
222
152
101
109
67
103
43
169
89
50
68
75
73
91
86
103
67
67
80
134
101
95
47
91
211
131
181
96
89
176
132
223
141
118
239
74
123
64
122
107
122
69
98
46
75
43
141
70
190
90
99
169
91
129
123
100
83
106
90
140
121
68
118
47
118
66
143
98
140
176
116
79
104
165
129
111
104
125
223
66
103
52
65
141
93
184
157
63
104
129
119
133
267
79
184
150
98
232
158
123
64
226
124
49
92
134
58
153
35
252
64
176
125
80
94
101
43
108
68
87
57
106
168
93
115
79
258
59
49
91
69
84
51
95
109
47
76
107
60
84
53
99
128
80
66
94
76
115
72
116
40
80
70
84
122
58
67
46
98
68
106
81
58
114
118
59
47
99
78
110
71
74
106
76
91
102
37
89
81
75
77
192
166
48
60
81
98
72
92
149
89
68
66
63
79
107
76
51
55
47
76
115
70
61
52
50
61
33
63
48
47
65
71
59
72
56
117
78
134
90
78
91
65
78
58
63
127
89
61
48
173
64
43
55
44
117
60
53
132
48
140
91
117
146
64
161
139
71
74
88
54
84
111
138
161
117
119
64
95
55
74
138
167
100
46
145
71
204
120
130
52
82
88
161
163
105
88
106
181
48
102
214
162
161
105
96
46
76
98
191
191
60
103
128
55
88
76
204
87
179
76
62
233
80
135
49
84
123
151
42
97
116
120
99
122
60
49
149
67
119
102
90
98
36
91
109
131
46
79
113
91
101
53
175
51
103
92
124
110
82
139
86
87
65
127
64
111
42
59
107
243
113
86
64
67
130
106
107
87
82
153
68
139
192
97
104
41
138
150
62
52
96
71
65
114
150
93
87
101
107
126
162
210
97
171
126
71
45
93
88
51
78
148
78
108
62
63
108
94
145
213
76
53
69
118
29
182
80
131
135
88
92
177
73
108
111
60
98
167
50
92
61
88
184
114
104
113
181
93
136
172
151
105
101
105
56
191
141
90
112
129
70
157
72
109
84
97
116
181
83
82
120
139
133
66
147
76
142
68
84
130
152
159
106
104
86
151
179
66
96
118
75
193
52
111
96
97
83
78
83
185
110
155
105
192
318
189
324
264
72
116
72
72
61
251
229
119
298
178
262
86
247
221
235
58
43
146
48
57
58
192
55
54
94
41
153
116
71
28
78
54
60
61
70
79
96
115
37
60
91
112
71
65
61
73
105
133
113
101
112
86
129
109
158
92
208
173
98
205
243
97
49
171
72
113
96
52
38
87
130
150
184
127
66
149
74
106
54
114
144
79
253
99
172
123
152
125
146
210
56
148
36
53
63
146
35
129
156
165
63
98
52
61
61
84
57
186
94
97
80
65
158
127
70
116
309
126
80
148
187
200
47
84
38
77
42
56
55
55
118
146
68
47
130
68
62
79
93
158
76
122
59
59
40
90
73
83
120
199
71
76
87
53
120
99
50
98
136
99
72
41
95
33
88
45
104
63
91
96
156
82
153
82
149
186
39
63
87
224
187
222
93
49
89
134
66
110
215
107
147
126
173
67
74
50
78
46
63
110
108
87
84
86
108
124
59
77
82
123
100
112
101
90
111
108
71
70
76
61
132
94
96
128
110
147
87
123
77
63
131
71
72
45
115
52
82
50
86
155
79
108
155
142
131
62
37
53
125
80
26
85
68
107
71
66
93
47
43
110
31
99
48
59
104
43
55
58
45
94
51
88
97
86
42
142
60
81
78
157
111
94
79
83
72
127
77
82
117
93
85
63
65
65
193
93
210
114
122
169
110
70
206
235
123
135
25
220
43
153
211
115
92
82
59
121
118
159
150
84
64
51
40
55
25
44
105
84
74
67
122
67
94
58
133
81
122
60
27
154
59
99
54
225
124
174
86
83
43
114
96
89
100
78
62
201
52
146
83
230
136
81
57
107
64
96
85
309
173
205
121
139
62
89
90
38
78
110
104
78
111
77
36
79
228
116
106
184
87
142
66
83
111
133
101
115
185
116
93
39
67
99
64
79
55
20
81
46
98
72
144
52
114
96
63
69
115
103
78
68
77
145
100
33
97
140
66
59
47
110
162
55
52
82
52
43
39
85
99
114
74
37
57
119
93
53
101
85
102
88
41
158
47
106
163
98
105
168
42
71
55
125
106
29
44
137
143
109
69
84
49
129
37
84
94
99
100
57
79
41
78
97
135
38
65
103
110
66
61
82
50
153
62
46
119
161
100
108
124
53
106
77
45
31
64
59
71
40
83
50
77
81
159
90
47
34
104
39
83
122
130
103
83
31
47
51
81
52
151
117
62
57
84
76
64
43
81
87
109
60
70
73
95
87
105
141
32
106
62
65
88
55
40
54
165
77
71
150
77
54
43
80
87
62
56
73
45
98
196
102
140
97
111
38
115
91
116
74
107
60
52
64
101
64
44
56
122
57
122
130
70
71
111
42
200
97
110
109
80
52
100
69
57
86
134
76
100
66
74
88
56
50
64
60
156
38
90
81
95
94
64
99
71
58
98
96
87
202
48
49
53
58
71
77
89
170
78
65
60
73
129
221
37
78
32
72
124
87
59
79
87
68
112
139
74
55
71
38
64
71
54
121
64
58
59
43
83
117
99
45
52
64
46
83
72
88
59
116
72
36
122
80
79
132
80
64
58
41
87
130
39
145
43
38
54
69
98
107
91
41
62
134
145
54
87
38
36
78
98
39
66
125
61
143
76
108
42
76
59
165
37
103
84
60
198
77
96
91
62
83
112
30
27
93
64
119
73
147
81
35
150
56
66
106
65
97
119
99
89
133
67
44
142
53
173
248
94
36
59
56
141
45
53
69
52
114
85
65
61
55
115
177
123
56
80
189
87
122
59
50
134
126
93
71
73
99
63
76
45
59
65
106
90
32
43
37
85
30
94
41
34
87
98
160
79
80
113
57
57
152
50
33
55
52
145
46
50
34
110
87
73
28
55
36
99
77
42
52
40
104
64
75
194
218
107
64
77
71
67
58
67
50
34
119
200
55
67
67
59
113
123
86
66
86
63
63
59
73
101
110
25
115
95
89
85
87
85
123
95
88
47
45
57
77
60
106
103
65
64
94
84
53
64
55
78
161
55
64
67
176
137
42
49
144
62
89
106
70
81
69
88
101
106
157
99
124
157
59
86
41
132
145
246
29
113
83
111
39
35
73
110
87
146
65
63
73
56
39
50
30
44
143
50
73
66
53
75
34
87
119
107
61
126
120
33
89
203
93
64
31
82
68
135
93
127
153
99
171
59
48
113
37
89
31
122
51
106
92
67
34
96
115
110
49
51
183
72
96
79
178
37
84
84
80
96
65
39
57
148
147
50
35
65
89
69
59
161
86
98
41
50
115
69
44
74
130
130
60
119
112
31
26
58
51
76
50
48
76
60
105
108
61
138
136
143
62
248
180
188
121
176
133
70
128
193
98
77
98
38
71
64
79
170
145
98
105
80
109
123
81
36
66
90
94
47
43
74
85
139
125
43
57
99
111
103
77
104
93
35
82
76
112
121
147
132
53
113
88
84
79
76
71
52
54
29
214
61
61
54
47
123
58
87
98
63
102
52
61
67
67
110
63
41
89
33
62
122
73
88
130
128
108
45
73
137
120
132
122
116
69
98
84
57
89
36
87
96
73
103
89
91
89
95
100
134
98
91
82
69
45
43
61
128
63
77
69
115
219
69
101
128
102
109
155
52
155
57
250
118
195
171
223
102
335
173
229
354
138
53
68
117
75
86
114
120
59
52
59
122
111
40
258
224
146
84
96
131
258
57
69
58
216
213
106
118
36
88
32
159
74
160
103
131
255
177
305
125
76
160
98
36
78
60
133
42
96
144
96
61
73
69
65
56
65
72
131
102
38
62
71
87
32
84
35
101
112
156
90
108
44
66
55
77
46
53
86
42
56
71
102
142
64
184
40
62
142
82
49
74
64
70
60
64
65
49
71
48
55
106
39
35
124
55
81
162
147
62
125
214
78
139
74
45
32
35
109
98
81
43
97
86
51
115
101
56
33
64
106
84
79
54
44
100
41
43
49
74
38
69
32
41
80
58
47
49
58
105
73
83
35
58
94
29
71
51
60
103
72
90
76
75
64
44
58
42
53
41
78
59
41
41
123
64
74
113
83
114
102
34
80
98
129
59
75
71
57
117
81
66
45
42
221
152
85
93
84
53
55
115
65
47
177
51
110
70
53
29
94
53
91
33
47
53
51
32
84
77
59
46
50
59
85
93
86
47
41
25
28
58
66
33
82
83
118
88
50
112
60
65
58
228
116
71
172
116
161
44
285
87
184
221
126
136
78
110
130
131
246
120
64
126
212
113
134
60
193
164
128
83
146
66
86
97
78
78
102
145
159
56
40
50
74
69
63
113
37
95
54
115
75
77
125
89
76
90
112
74
62
57
59
69
107
53
131
63
156
59
88
86
74
114
122
73
30
127
58
51
106
79
50
80
64
55
75
102
63
126
58
46
87
56
63
20
52
43
28
45
59
80
108
80
63
125
51
80
38
99
73
22
91
80
34
49
151
94
34
44
46
50
67
39
37
36
38
73
54
79
69
60
69
86
64
97
44
69
24
99
32
84
89
65
39
32
75
90
32
122
38
95
52
48
75
76
88
77
89
121
68
86
86
82
122
86
35
102
81
97
98
84
63
89
60
49
45
60
59
23
29
42
26
95
54
89
47
65
58
125
37
34
52
44
49
67
119
28
140
136
62
150
43
85
61
78
133
93
75
66
59
40
46
131
48
102
65
50
53
98
81
33
103
60
53
139
97
152
89
98
58
30
103
80
66
117
91
158
45
86
59
75
46
58
82
67
40
57
31
95
100
60
45
111
93
31
40
53
55
53
42
44
88
34
44
34
51
59
32
29
48
86
45
52
29
56
61
48
27
122
40
119
29
31
85
30
96
54
46
39
76
83
53
41
52
47
62
52
67
55
35
47
34
98
53
86
67
36
112
47
65
41
95
81
47
103
216
106
70
27
79
57
52
52
83
80
32
37
38
51
38
63
48
63
33
52
59
58
50
41
48
24
38
33
22
80
72
88
42
82
63
48
136
104
104
166
74
96
49
86
66
45
92
95
78
28
52
112
64
74
40
85
81
95
100
74
75
46
116
74
54
87
87
146
73
134
61
107
68
146
72
152
76
78
104
71
58
57
45
57
63
39
69
30
58
47
67
35
66
46
102
106
132
126
96
106
46
104
199
70
126
85
134
221
107
93
45
48
59
77
65
126
172
48
79
69
64
124
77
56
33
49
161
91
94
56
110
48
115
117
62
81
81
96
81
49
67
65
60
90
67
122
81
175
81
167
107
49
59
67
72
105
108
71
39
63
69
76
74
115
33
94
81
34
163
70
32
55
171
51
112
103
122
59
75
87
138
133
60
127
45
69
121
65
96
50
51
115
56
110
48
67
63
83
51
62
92
97
51
113
96
122
72
64
35
45
77
52
76
33
72
58
43
174
59
67
60
67
72
87
71
86
66
50
32
94
63
90
43
64
170
89
60
59
76
57
89
53
56
57
59
113
76
97
92
66
106
91
75
87
125
181
108
98
47
67
91
128
70
69
76
99
102
119
36
62
71
113
65
86
98
186
66
179
59
58
115
98
80
84
79
180
115
38
84
36
100
138
62
92
72
60
64
92
97
45
58
191
97
126
77
63
86
52
182
58
82
30
48
57
125
92
122
47
82
106
140
95
82
67
56
83
44
61
43
129
37
81
99
86
85
111
84
29
36
64
84
65
51
120
97
110
121
59
76
70
128
73
70
45
73
131
160
49
126
34
150
43
51
56
74
109
68
75
195
69
39
149
81
60
56
76
125
71
145
88
75
79
193
77
84
40
120
182
98
121
168
103
32
78
101
42
144
89
68
140
64
162
70
72
131
148
162
129
154
89
82
54
82
36
69
91
90
103
84
53
116
74
154
80
60
62
80
36
95
77
172
55
86
83
91
51
132
55
60
106
60
46
92
57
111
99
59
87
45
126
47
112
37
64
55
92
26
87
74
64
41
45
58
37
53
49
47
28
37
81
111
60
97
87
106
43
72
36
40
88
49
107
192
242
45
54
70
98
92
73
185
57
81
64
59
64
108
101
85
94
161
47
113
56
96
40
53
35
92
154
40
46
138
95
53
80
100
118
67
99
60
86
108
39
195
75
70
62
97
40
134
74
58
58
43
50
113
112
54
65
165
49
40
98
72
107
29
29
59
50
94
26
124
124
147
80
117
52
120
57
130
104
92
91
176
81
186
64
126
42
123
118
146
47
63
78
143
121
71
79
61
76
65
131
58
96
56
40
96
78
202
31
65
86
132
35
98
91
60
57
64
56
180
145
51
110
88
126
85
108
48
71
33
113
130
63
95
62
207
67
129
57
70
108
142
40
56
204
51
60
99
122
89
199
128
40
148
82
60
72
66
29
54
111
41
81
79
43
48
87
100
76
82
52
139
133
77
120
60
77
54
126
122
158
102
87
144
171
73
107
69
69
48
131
71
104
125
78
167
108
158
52
98
103
143
88
104
78
100
103
132
82
136
156
105
96
76
85
123
79
105
78
124
147
85
87
95
88
109
63
175
87
143
139
81
110
90
109
72
54
132
62
65
68
86
53
118
70
76
69
174
56
158
59
121
58
51
65
65
37
147
84
67
69
98
76
36
80
117
72
40
106
170
81
128
135
87
135
224
174
70
126
143
139
85
135
156
44
70
100
51
94
86
165
87
75
159
250
444
77
117
76
73
89
186
382
116
211
176
134
84
294
106
79
149
208
199
92
76
117
57
103
53
100
80
72
142
136
266
214
160
315
253
207
236
139
170
126
139
299
110
103
110
111
159
202
160
444
118
225
159
280
203
140
103
98
344
95
238
172
211
134
102
76
238
104
203
249
54
187
195
212
81
104
88
230
82
202
157
126
144
124
209
93
156
152
226
183
55
136
123
182
71
149
133
215
135
160
120
57
69
131
110
69
104
237
70
144
214
92
215
303
202
76
143
222
126
311
145
89
156
182
179
140
188
103
236
75
99
100
219
228
92
147
57
142
96
88
90
81
212
276
186
74
276
163
85
58
170
96
140
292
106
212
56
216
115
155
304
51
86
272
94
60
100
56
207
136
95
155
97
144
131
91
122
99
117
98
124
68
129
62
55
77
96
55
90
67
71
101
77
90
44
177
149
78
144
207
165
52
55
56
142
175
174
157
51
124
108
109
133
74
82
43
52
124
70
56
72
79
148
251
129
184
95
222
59
66
129
126
203
196
102
117
43
75
176
161
77
82
64
67
211
113
107
71
87
174
139
105
106
148
73
89
67
180
110
140
119
73
227
60
57
117
78
115
153
74
72
177
100
108
61
130
113
105
233
121
88
265
89
68
75
76
106
99
77
70
117
126
100
87
134
200
98
79
100
174
81
130
95
77
131
50
132
41
96
76
56
95
57
123
104
129
55
127
67
114
91
62
123
87
52
154
106
56
282
126
40
122
138
66
53
104
74
80
51
120
135
50
120
115
37
72
107
120
81
98
72
85
89
101
51
106
71
139
116
91
45
58
104
72
98
61
51
68
96
45
76
97
104
151
141
93
94
64
113
81
124
110
137
108
66
95
61
86
118
77
132
55
113
185
131
55
164
64
119
93
130
34
75
114
164
99
283
136
271
166
258
136
106
122
78
280
116
134
228
112
66
315
145
91
54
82
363
113
168
72
133
158
268
201
62
105
121
273
86
131
123
122
144
105
70
106
84
209
70
86
136
76
70
35
103
67
43
100
151
80
188
138
329
217
89
156
226
180
87
90
316
67
97
126
174
188
80
115
132
106
98
108
115
102
104
71
78
73
188
84
121
179
82
127
65
164
128
80
246
136
84
118
152
154
101
149
125
58
104
120
207
82
124
133
119
76
183
50
90
66
96
59
74
43
103
70
86
106
143
110
113
65
47
251
106
35
97
90
70
93
75
65
96
44
77
138
57
53
56
34
143
100
105
117
95
98
327
123
62
86
50
43
136
55
84
43
147
72
106
40
73
123
160
91
78
77
176
76
73
88
81
92
41
91
42
87
59
78
115
45
94
48
40
115
43
72
94
93
57
25
89
79
94
94
68
104
168
101
67
178
46
109
91
52
53
105
82
51
65
145
91
81
74
152
41
111
60
74
116
93
89
92
62
70
87
84
92
71
85
147
95
58
100
62
40
76
80
90
64
120
117
98
112
129
81
264
117
87
107
196
157
78
136
130
87
122
82
105
123
85
207
178
107
72
119
133
103
110
131
42
53
53
95
95
68
101
91
110
60
120
127
65
105
63
97
94
142
113
124
73
83
85
111
165
112
90
68
151
77
119
99
59
63
75
80
67
52
84
117
42
62
66
210
204
65
68
103
115
76
170
144
80
148
123
232
79
61
91
112
81
68
72
147
73
107
81
67
130
120
116
150
125
183
225
84
107
121
63
91
37
109
64
106
51
98
83
65
60
60
57
119
78
157
106
61
81
57
73
241
60
87
131
61
65
33
78
82
80
66
35
94
57
63
102
103
135
95
53
114
119
88
63
80
179
101
73
94
122
54
126
77
90
45
72
60
72
83
52
70
70
76
74
144
122
76
65
87
62
100
32
46
35
68
123
78
83
51
55
86
146
61
43
73
105
111
103
96
116
68
91
61
65
75
149
33
47
56
38
92
140
61
57
80
88
86
191
141
149
143
73
132
89
72
102
48
136
64
54
151
71
86
145
67
72
75
87
86
142
157
111
207
149
69
55
92
102
75
172
53
68
109
58
57
50
61
86
73
122
73
49
84
97
78
71
95
62
74
50
59
53
130
92
65
74
60
89
49
72
60
91
52
44
62
74
63
45
68
135
115
139
47
124
142
97
59
36
116
52
53
65
37
122
47
83
121
74
52
64
78
48
41
67
40
83
73
60
140
33
99
91
42
62
69
72
94
42
67
94
51
50
30
52
47
137
73
100
64
54
106
83
107
51
54
112
98
104
49
72
53
137
71
82
83
148
106
87
107
160
106
135
98
66
64
115
37
99
77
62
123
77
90
45
65
123
102
85
35
128
73
95
46
61
50
93
33
76
76
88
80
47
37
38
45
117
41
62
91
118
77
137
48
67
39
55
47
82
109
54
92
74
56
118
73
74
60
78
38
73
44
53
148
45
79
98
88
108
78
62
30
86
48
69
46
128
69
55
128
120
86
183
94
46
52
85
55
51
89
97
61
55
41
72
123
69
47
57
57
90
97
56
76
124
114
64
29
149
63
148
42
58
44
57
68
62
112
68
127
97
61
70
46
65
69
91
48
119
100
61
62
64
102
54
77
114
100
45
75
51
171
57
65
131
142
37
161
272
129
183
47
185
218
256
113
88
130
69
151
133
133
134
118
46
107
50
76
93
52
177
137
88
34
99
118
70
60
78
147
65
82
112
73
77
99
122
96
182
74
85
51
94
61
70
147
91
41
65
55
103
135
107
133
75
62
139
67
70
115
109
110
425
58
306
171
72
195
160
166
85
69
180
104
282
115
214
187
162
81
281
63
67
88
164
162
204
161
232
96
143
243
112
126
76
111
49
66
106
123
225
142
137
165
126
70
113
97
76
115
76
98
225
116
115
313
134
117
41
139
203
93
125
157
105
138
62
99
181
91
307
92
137
272
111
199
160
83
185
181
108
68
142
124
166
147
201
169
411
200
311
147
136
73
114
141
197
280
129
127
64
68
136
157
34
80
77
127
219
306
253
400
286
372
301
188
231
193
189
209
283
100
84
388
179
321
129
148
154
124
120
164
130
326
109
244
140
129
88
49
212
132
170
203
189
134
271
107
338
120
211
307
193
241
51
222
60
203
138
203
323
322
79
97
232
78
120
170
137
125
221
143
188
116
118
238
154
61
215
95
110
165
205
118
195
126
170
124
65
63
239
54
161
101
205
209
99
96
83
196
209
222
159
183
186
135
111
135
257
72
397
306
132
111
70
203
138
281
87
124
186
214
73
194
225
176
107
237
87
110
128
155
78
67
235
174
172
140
169
78
183
249
115
169
163
146
96
128
243
183
124
196
176
125
144
137
148
181
205
84
162
280
96
282
407
194
307
199
251
210
243
212
209
93
230
284
188
139
220
146
97
84
173
122
160
250
64
203
166
219
125
282
197
243
167
238
126
154
174
151
151
111
119
171
137
172
235
157
159
172
124
108
102
284
74
185
87
172
190
127
40
122
174
151
88
191
349
72
104
312
243
145
139
263
196
123
129
258
153
150
133
70
213
110
199
271
179
313
252
216
330
131
116
118
137
137
114
129
80
52
122
189
207
240
79
197
187
91
50
228
132
194
181
107
171
221
240
102
113
122
121
134
152
105
150
122
67
324
116
176
129
65
170
135
100
100
64
92
74
245
102
407
220
193
283
205
137
316
133
137
183
149
104
166
187
176
221
189
247
125
50
171
157
88
113
172
104
123
230
193
131
100
116
103
129
81
82
228
106
132
93
88
135
83
173
107
81
165
88
93
163
163
266
233
272
99
143
136
72
262
94
138
259
127
142
109
77
296
224
141
191
80
98
118
158
177
249
54
199
174
81
164
105
155
289
106
81
151
168
83
120
230
170
159
107
142
207
119
118
143
97
61
152
103
151
148
172
102
49
172
111
160
104
89
112
142
52
80
98
119
84
104
140
171
191
115
123
156
201
150
188
146
289
99
155
196
317
174
174
175
152
218
152
67
324
96
197
95
181
119
366
215
231
220
120
270
98
116
113
180
291
197
56
142
152
72
235
162
139
131
185
137
37
161
153
146
164
169
186
227
87
116
115
92
89
120
101
140
311
150
125
107
88
102
159
121
145
282
180
79
78
158
426
68
104
217
206
191
123
141
211
158
161
118
66
314
213
63
102
89
118
118
244
255
154
210
128
201
292
167
283
82
86
88
90
126
89
149
224
146
339
171
51
126
132
248
150
219
235
176
224
130
340
167
108
288
128
165
151
127
92
195
180
132
64
126
124
185
132
124
72
155
107
77
156
74
252
187
63
171
73
131
152
301
187
314
52
221
138
150
163
129
162
181
267
190
102
85
144
200
132
127
93
170
202
143
197
200
126
148
221
241
190
67
204
320
105
95
148
137
65
224
155
402
169
340
80
181
230
259
186
181
199
256
157
205
328
133
303
198
99
84
110
125
105
80
118
94
157
286
141
54
132
193
155
163
219
234
175
150
143
138
130
218
158
128
90
210
169
139
112
148
99
138
184
127
231
182
127
207
116
275
246
203
200
157
176
91
244
125
170
148
260
75
49
133
138
124
202
81
126
127
285
224
95
152
225
104
84
85
122
101
169
177
76
165
78
155
41
46
115
222
123
101
192
114
125
76
95
127
224
212
93
78
116
107
91
57
128
184
172
252
141
151
160
216
255
246
122
153
133
153
271
182
80
200
110
86
62
157
357
306
94
113
142
78
55
102
165
165
125
36
310
218
123
49
124
102
77
60
247
90
84
98
100
128
37
147
203
114
87
317
45
186
419
113
192
332
115
113
144
62
53
158
119
98
138
179
175
81
106
61
117
233
143
198
217
124
262
90
180
208
99
231
108
208
351
106
193
95
113
156
58
70
107
69
85
116
219
68
98
174
110
146
206
99
71
134
101
79
133
112
183
130
80
103
101
64
107
138
152
151
115
186
51
114
162
166
74
45
42
75
93
104
95
82
91
121
395
77
149
102
144
140
104
142
182
107
116
207
152
79
140
165
133
123
146
111
105
196
110
121
247
69
191
104
102
97
140
180
111
123
54
72
52
133
94
76
168
91
106
128
125
106
118
146
151
85
222
133
107
81
302
157
139
184
61
291
185
182
69
75
145
162
257
126
87
124
206
161
169
217
116
76
119
63
127
53
77
129
263
96
92
186
148
166
117
220
106
212
86
100
125
88
117
165
109
150
82
72
111
187
169
151
93
126
316
176
363
191
168
35
81
230
191
133
108
124
88
185
167
98
118
85
67
161
157
126
84
146
120
114
97
74
207
199
166
135
215
148
270
191
94
164
183
90
378
114
325
438
127
278
189
94
38
137
180
183
175
164
349
137
170
230
71
123
155
216
136
83
379
177
153
126
103
223
104
139
286
257
200
254
102
291
103
66
131
175
234
265
491
130
205
112
57
147
111
113
144
117
106
202
145
321
105
66
171
183
77
237
135
145
146
68
35
176
87
165
167
163
118
87
132
201
107
141
134
125
155
92
96
98
216
239
204
111
202
221
132
209
68
460
113
162
157
158
142
89
80
128
143
122
83
178
155
144
104
101
67
68
218
202
134
146
72
141
73
121
122
205
146
158
144
143
219
308
234
105
109
167
84
191
117
134
186
186
111
83
152
189
159
179
152
231
254
276
174
168
168
67
185
204
130
167
119
176
276
205
128
246
157
90
72
104
47
109
244
198
186
172
74
180
187
212
144
186
101
208
107
233
262
220
228
219
160
241
129
177
179
98
172
199
222
250
155
420
72
108
58
133
233
77
128
238
133
191
146
110
322
180
273
308
260
193
60
89
311
267
101
153
354
134
154
151
254
108
105
97
137
47
91
191
164
392
385
167
369
154
268
218
230
122
245
277
179
124
176
39
51
254
120
105
69
63
117
86
113
79
154
133
232
265
112
265
85
153
303
273
174
329
146
205
82
342
90
259
207
134
98
92
57
75
81
133
175
65
78
111
219
96
93
128
116
219
282
67
128
260
191
179
107
53
199
112
116
131
127
174
207
61
93
242
192
58
228
74
166
194
172
214
207
132
149
113
79
128
127
94
134
141
132
113
105
105
124
102
160
148
333
94
126
236
96
153
125
184
97
78
170
121
145
115
82
75
47
103
75
115
57
72
96
82
341
138
102
84
47
133
92
43
74
244
71
177
64
31
20
61
257
38
203
136
106
146
258
127
64
198
132
128
200
175
117
176
402
98
38
162
144
318
287
143
110
66
123
115
310
154
142
98
211
66
137
203
196
151
89
303
212
211
80
89
102
179
104
108
89
84
150
85
143
179
31
65
100
122
40
93
69
40
137
57
131
129
180
137
146
178
62
52
167
88
107
62
100
134
94
68
306
122
121
103
114
91
105
69
115
227
54
160
70
153
31
66
75
143
53
153
90
117
132
98
149
280
162
133
175
153
116
190
115
84
57
67
50
57
158
82
71
155
85
104
79
88
96
187
210
183
225
154
178
221
184
118
156
189
318
237
32
74
86
198
89
219
401
413
72
110
137
133
91
159
97
153
85
169
28
74
52
111
218
184
45
104
95
76
80
59
87
207
62
91
125
224
166
124
123
120
150
42
152
121
119
46
72
66
138
107
140
165
112
28
159
63
102
320
67
135
156
303
98
94
186
142
146
71
127
132
56
61
111
135
127
76
93
203
55
83
56
69
69
126
232
128
117
170
252
185
56
81
141
257
127
174
165
87
290
117
94
309
115
71
343
252
227
110
109
220
247
190
390
201
127
122
332
315
212
142
145
239
477
92
338
189
175
179
110
224
116
64
230
92
145
86
163
51
191
131
132
139
84
166
282
200
78
247
219
151
189
141
214
155
163
219
111
143
230
210
105
171
88
226
308
121
51
96
244
225
164
103
214
111
178
125
181
248
156
91
118
198
105
194
223
231
325
64
104
184
208
210
108
72
57
61
76
63
81
124
90
77
99
75
225
144
138
186
222
181
174
94
133
125
182
253
115
237
188
176
213
71
168
152
60
104
86
119
105
176
112
151
160
88
205
131
132
160
129
90
135
140
39
140
80
42
114
51
120
55
162
85
130
47
116
46
92
65
141
81
56
114
206
76
126
153
143
85
142
158
87
154
110
97
89
134
95
111
92
212
132
118
147
88
96
84
232
158
50
293
258
121
178
154
202
141
217
114
72
177
69
119
134
91
57
65
112
47
168
108
168
204
158
74
127
91
111
154
94
71
157
95
105
96
118
80
87
93
117
104
213
79
113
77
64
38
105
64
78
127
179
124
43
116
101
141
261
109
91
102
80
39
127
80
128
151
138
67
91
48
114
110
79
52
91
201
120
75
122
118
63
42
153
111
135
113
80
59
71
80
164
66
94
91
43
100
42
140
158
123
110
88
93
58
91
47
222
175
117
128
173
153
221
131
94
93
419
180
145
55
158
73
96
206
130
111
86
50
84
110
124
50
66
83
114
94
295
216
57
69
88
113
71
178
304
151
138
170
268
136
326
190
476
151
160
130
288
78
73
57
78
91
51
78
53
90
194
74
86
133
274
51
134
107
67
125
133
132
113
72
196
74
106
199
75
79
72
213
84
116
111
84
83
91
96
73
102
51
115
148
90
117
139
339
223
91
151
157
245
48
101
283
197
205
214
69
104
130
219
141
52
167
150
61
51
147
96
93
169
210
148
147
249
51
164
263
140
93
195
160
78
118
150
178
135
200
78
121
86
146
331
132
119
103
192
150
108
69
68
57
67
83
223
121
257
294
400
152
232
245
139
83
100
213
60
77
97
78
125
157
105
189
230
91
96
101
131
137
76
157
140
127
180
148
241
162
139
46
222
69
83
109
85
79
90
114
158
92
127
265
85
57
119
98
107
154
81
183
83
116
118
197
193
196
95
47
158
144
156
303
115
205
111
144
195
322
190
275
140
164
140
222
113
155
80
198
91
120
167
227
112
212
138
124
191
295
135
102
97
175
203
74
144
183
149
436
93
75
108
207
185
103
123
59
56
108
335
342
94
247
117
231
92
81
146
112
194
153
103
107
289
141
169
267
220
152
125
340
135
246
188
79
162
97
111
187
79
41
60
123
98
90
162
226
214
106
238
129
105
119
103
257
204
65
189
122
152
215
276
103
214
137
96
104
191
77
180
103
56
67
48
59
240
300
145
162
218
74
168
274
85
179
129
163
265
179
142
109
137
330
242
104
109
70
247
199
76
119
102
254
164
257
162
211
144
168
62
200
163
200
278
134
172
193
287
267
202
186
259
83
169
258
78
66
72
60
101
210
180
181
103
203
219
200
105
158
113
187
86
156
92
120
238
102
81
154
72
180
186
93
54
77
67
116
97
95
65
72
53
100
109
103
151
97
54
44
89
80
90
96
107
35
102
118
143
184
113
101
190
143
184
156
200
212
165
289
110
124
190
141
149
394
118
165
246
93
74
307
198
225
182
239
137
104
229
143
65
0
